53 1 3 
58 1 3 
1 196 3 
13 111 1 
13 1 196 
53 13 1 
55 13 1 
58 13 1 
176 13 1 
53 54 1 
53 66 1 
53 111 1 
53 1 156 
55 53 1 
54 55 1 
54 66 1 
54 111 1 
54 1 156 
54 176 1 
55 54 1 
55 66 1 
55 111 1 
55 1 156 
55 176 1 
55 1 196 
58 55 1 
58 66 1 
58 111 1 
58 1 196 
2 197 4 
2 6 43 
2 43 6 
2 12 43 
2 43 197 
55 2 43 
2 197 43 
223 2 169 
54 55 2 
54 65 2 
54 2 177 
54 177 2 
55 54 2 
55 65 2 
55 2 177 
55 177 2 
55 2 197 
58 55 2 
65 2 177 
65 177 2 
65 2 197 
183 223 2 
223 183 2 
3 4 80 
3 4 110 
52 3 4 
53 3 4 
3 110 4 
110 3 4 
173 3 4 
174 3 4 
175 3 4 
175 3 122 
186 3 122 
52 53 3 
52 58 3 
52 3 80 
52 3 110 
52 110 3 
52 196 3 
52 218 3 
53 52 3 
58 52 3 
53 3 79 
53 79 3 
53 3 110 
53 110 3 
173 53 3 
58 3 122 
58 122 3 
58 173 3 
58 196 3 
81 128 3 
81 175 3 
81 196 3 
81 228 3 
116 81 3 
128 81 3 
196 81 3 
210 81 3 
228 81 3 
116 3 122 
116 122 3 
116 228 3 
186 116 3 
175 122 3 
186 122 3 
186 128 3 
164 175 3 
164 182 3 
164 183 3 
164 186 3 
182 164 3 
183 164 3 
186 164 3 
198 174 3 
186 182 3 
186 196 3 
218 228 3 
4 53 110 
4 53 111 
57 4 53 
59 4 53 
173 4 53 
4 80 70 
4 110 111 
4 111 110 
111 4 110 
129 4 123 
175 4 123 
52 4 53 
52 53 4 
52 4 80 
52 4 110 
52 110 4 
52 4 111 
52 111 4 
53 52 4 
53 57 4 
53 59 4 
53 66 4 
53 4 110 
53 110 4 
53 4 111 
53 111 4 
53 197 4 
53 203 4 
57 53 4 
59 53 4 
173 53 4 
57 59 4 
57 66 4 
57 4 110 
57 110 4 
57 4 111 
57 111 4 
59 4 111 
59 111 4 
59 129 4 
59 173 4 
59 174 4 
59 197 4 
66 4 70 
68 174 4 
82 129 4 
82 175 4 
129 82 4 
197 82 4 
110 4 111 
110 111 4 
111 110 4 
187 129 4 
187 197 4 
5 19 73 
164 5 19 
219 5 19 
164 5 42 
180 5 42 
164 5 73 
19 5 73 
19 180 5 
164 19 5 
219 19 5 
50 180 5 
164 50 5 
164 180 5 
6 18 38 
6 18 72 
20 6 18 
6 72 18 
165 6 18 
6 38 72 
165 6 38 
6 157 43 
157 6 43 
165 6 43 
6 63 157 
6 74 63 
74 6 63 
6 157 63 
157 6 63 
180 6 63 
220 6 63 
6 74 72 
74 6 72 
180 6 72 
165 6 74 
180 6 74 
220 6 74 
165 6 157 
174 6 157 
18 6 38 
18 51 6 
18 6 72 
20 18 6 
165 18 6 
20 6 72 
20 6 74 
20 74 6 
20 174 6 
20 6 175 
20 180 6 
165 20 6 
220 20 6 
157 43 6 
165 43 6 
51 6 175 
51 231 6 
165 51 6 
231 51 6 
165 74 6 
180 74 6 
220 74 6 
165 157 6 
174 157 6 
165 6 175 
165 180 6 
165 231 6 
174 231 6 
180 174 6 
231 180 6 
7 52 208 
53 7 52 
54 7 52 
56 7 52 
132 7 83 
178 7 83 
11 39 7 
11 42 7 
39 11 7 
13 39 7 
13 73 7 
53 13 7 
221 13 7 
52 42 7 
54 42 7 
56 42 7 
57 42 7 
178 42 7 
52 53 7 
52 56 7 
52 65 7 
52 7 208 
53 52 7 
54 52 7 
56 52 7 
53 54 7 
53 57 7 
53 66 7 
57 53 7 
54 56 7 
54 65 7 
54 66 7 
54 73 7 
54 7 208 
57 54 7 
56 57 7 
56 65 7 
57 56 7 
57 66 7 
65 66 7 
178 132 7 
8 12 76 
13 8 12 
39 8 12 
8 76 12 
76 8 12 
66 8 64 
12 39 8 
12 43 8 
12 8 76 
12 76 8 
13 12 8 
39 12 8 
76 12 8 
13 39 8 
13 43 8 
13 8 76 
13 76 8 
53 13 8 
55 13 8 
76 39 8 
53 43 8 
55 43 8 
56 43 8 
57 43 8 
53 54 8 
53 57 8 
53 66 8 
53 149 8 
53 168 8 
53 169 8 
55 53 8 
57 53 8 
149 53 8 
54 55 8 
54 56 8 
54 8 64 
54 64 8 
54 66 8 
54 149 8 
55 54 8 
57 54 8 
55 57 8 
55 66 8 
55 149 8 
56 55 8 
56 57 8 
56 149 8 
57 56 8 
149 56 8 
57 8 64 
57 64 8 
57 66 8 
57 149 8 
66 64 8 
149 66 8 
9 39 17 
10 39 72 
10 72 39 
18 10 39 
18 39 10 
18 10 72 
39 10 72 
11 14 48 
11 40 14 
40 11 14 
11 48 14 
48 11 14 
11 158 14 
171 11 14 
11 17 40 
11 39 17 
39 11 17 
11 19 112 
11 38 19 
11 75 38 
76 11 38 
11 75 39 
76 11 39 
11 48 40 
48 11 40 
11 42 112 
11 48 42 
48 11 42 
11 48 112 
11 48 158 
11 112 158 
171 11 112 
14 11 48 
14 48 11 
40 14 11 
48 14 11 
171 14 11 
19 11 112 
19 112 11 
76 39 11 
48 40 11 
48 11 112 
48 112 11 
48 11 158 
112 11 158 
171 112 11 
12 15 49 
12 41 15 
12 49 15 
172 12 15 
72 12 39 
12 75 39 
12 76 39 
76 12 39 
12 43 45 
12 75 45 
12 76 45 
76 12 45 
12 49 159 
72 12 49 
12 75 76 
172 12 159 
13 12 20 
13 20 12 
13 12 39 
13 39 12 
13 12 41 
13 12 43 
13 12 49 
13 12 75 
13 12 76 
13 76 12 
20 72 12 
39 72 12 
72 39 12 
76 39 12 
172 72 12 
13 19 73 
13 19 113 
13 38 19 
164 13 19 
176 13 19 
13 20 113 
58 13 20 
177 13 20 
13 75 38 
13 76 38 
13 75 39 
13 76 39 
53 13 43 
55 13 43 
13 113 43 
13 73 113 
164 13 73 
13 75 76 
164 13 75 
13 108 109 
13 109 108 
13 195 108 
13 166 109 
166 13 109 
13 195 109 
13 110 111 
13 110 207 
13 111 110 
13 248 111 
248 13 111 
177 13 113 
13 196 201 
13 201 248 
53 13 109 
53 13 110 
53 13 111 
53 13 201 
53 13 207 
55 53 13 
55 13 110 
55 13 111 
55 13 166 
55 166 13 
55 176 13 
55 177 13 
55 13 196 
58 55 13 
58 13 111 
58 13 166 
58 166 13 
58 13 196 
58 13 207 
164 13 166 
164 166 13 
164 221 13 
221 164 13 
166 176 13 
176 200 13 
176 13 201 
176 13 248 
176 248 13 
177 200 13 
177 13 201 
221 177 13 
200 13 248 
200 248 13 
22 171 14 
57 22 14 
48 40 14 
48 158 14 
55 57 14 
55 61 14 
55 63 14 
55 65 14 
55 171 14 
56 55 14 
56 57 14 
56 63 14 
56 65 14 
57 56 14 
57 59 14 
57 64 14 
59 65 14 
60 61 14 
60 64 14 
61 60 14 
64 60 14 
158 60 14 
61 63 14 
61 65 14 
64 61 14 
65 61 14 
158 61 14 
63 64 14 
64 63 14 
65 63 14 
64 65 14 
64 171 14 
65 64 14 
158 64 14 
219 64 14 
47 112 15 
49 47 15 
113 47 15 
57 66 15 
60 61 15 
60 66 15 
60 112 15 
60 113 15 
60 172 15 
61 60 15 
66 60 15 
112 60 15 
113 61 15 
66 172 15 
112 66 15 
112 113 15 
113 112 15 
113 172 15 
172 113 15 
197 113 15 
167 51 16 
167 77 16 
166 78 17 
18 38 72 
18 76 38 
165 18 38 
18 39 72 
18 72 39 
72 18 39 
18 76 39 
165 18 51 
167 18 51 
20 18 72 
20 72 18 
20 112 18 
165 20 18 
165 167 18 
19 73 71 
19 73 112 
19 73 113 
164 19 73 
19 107 180 
164 19 107 
19 180 107 
217 19 107 
219 19 107 
19 112 113 
19 112 180 
19 113 112 
176 19 112 
19 180 173 
38 19 44 
38 44 19 
38 19 71 
59 19 107 
59 107 19 
59 19 173 
107 19 180 
164 107 19 
217 107 19 
219 107 19 
164 19 175 
164 175 19 
164 19 180 
20 74 72 
20 180 72 
20 74 112 
165 20 74 
20 180 74 
220 20 74 
20 112 113 
20 112 180 
20 113 112 
177 20 113 
20 180 173 
20 180 174 
58 107 20 
58 20 173 
59 107 20 
59 20 173 
59 20 174 
107 20 180 
165 107 20 
177 107 20 
218 107 20 
220 107 20 
165 20 175 
165 20 180 
57 149 22 
57 150 22 
150 57 22 
58 149 22 
58 150 22 
58 22 196 
58 196 22 
58 22 207 
58 207 22 
149 58 22 
149 79 22 
81 22 196 
81 196 22 
196 81 22 
149 150 22 
150 149 22 
150 23 80 
80 82 23 
150 80 23 
184 82 23 
209 82 23 
202 218 24 
203 217 25 
26 64 156 
65 26 64 
26 156 64 
156 26 64 
26 180 64 
26 107 150 
26 107 180 
149 26 107 
164 26 107 
165 26 107 
26 180 107 
26 150 156 
26 150 157 
165 26 157 
230 26 180 
52 53 26 
52 55 26 
52 56 26 
52 65 26 
52 78 26 
52 26 107 
52 107 26 
52 149 26 
52 26 150 
52 150 26 
52 26 156 
52 156 26 
52 26 157 
53 52 26 
54 52 26 
56 52 26 
150 52 26 
53 54 26 
53 57 26 
53 77 26 
53 149 26 
53 26 150 
53 150 26 
53 26 156 
53 156 26 
53 26 157 
55 53 26 
57 53 26 
149 53 26 
54 55 26 
54 56 26 
54 26 64 
54 65 26 
54 26 107 
54 107 26 
54 149 26 
54 26 150 
54 150 26 
54 26 156 
54 156 26 
54 26 157 
54 230 26 
55 54 26 
57 54 26 
55 57 26 
55 65 26 
55 149 26 
55 26 150 
55 150 26 
55 26 156 
55 156 26 
55 26 157 
56 55 26 
56 57 26 
56 65 26 
56 149 26 
56 26 150 
56 150 26 
57 56 26 
149 56 26 
57 26 64 
57 149 26 
57 26 150 
57 150 26 
57 26 156 
57 156 26 
150 57 26 
65 149 26 
149 65 26 
150 65 26 
78 77 26 
165 77 26 
78 26 180 
164 78 26 
107 149 26 
107 26 150 
107 150 26 
107 26 180 
149 107 26 
164 107 26 
165 107 26 
149 26 150 
149 150 26 
149 26 157 
150 149 26 
150 26 156 
150 156 26 
150 26 157 
164 26 180 
164 230 26 
165 164 26 
165 26 180 
27 52 53 
27 52 55 
27 52 56 
27 52 58 
27 52 149 
27 52 150 
27 53 52 
27 54 52 
27 56 52 
27 58 52 
85 27 52 
27 150 52 
27 53 54 
27 53 57 
27 53 59 
27 53 149 
27 53 150 
27 55 53 
27 57 53 
27 59 53 
85 27 53 
27 149 53 
27 54 55 
27 54 56 
27 54 149 
27 54 150 
27 55 54 
27 57 54 
27 59 54 
27 69 54 
27 55 57 
27 55 149 
27 55 150 
27 56 55 
27 58 55 
27 69 55 
27 56 57 
27 56 58 
27 56 149 
27 56 150 
27 57 56 
85 27 56 
27 149 56 
27 57 59 
27 57 149 
27 57 150 
85 27 57 
27 150 57 
27 58 149 
27 58 150 
85 27 58 
27 149 58 
27 59 69 
27 59 149 
27 59 150 
85 27 59 
27 150 59 
27 69 149 
27 69 150 
265 27 94 
27 149 150 
27 150 149 
265 85 27 
28 52 53 
28 52 55 
28 52 56 
28 53 52 
28 54 52 
28 56 52 
91 28 52 
28 53 54 
28 53 57 
28 55 53 
28 57 53 
91 28 53 
28 54 55 
28 54 56 
28 55 54 
28 57 54 
28 55 57 
28 56 55 
28 56 57 
28 57 56 
266 28 100 
277 28 100 
266 91 28 
29 52 53 
29 52 56 
29 53 52 
29 56 52 
87 29 52 
92 29 52 
93 29 52 
29 239 52 
29 53 57 
29 57 53 
87 29 53 
92 29 53 
93 29 53 
29 239 53 
29 56 57 
29 57 56 
87 29 56 
92 29 56 
93 29 56 
87 29 57 
92 29 57 
93 29 57 
29 100 239 
266 29 100 
267 29 100 
92 29 239 
93 92 29 
267 92 29 
93 29 239 
267 93 29 
30 52 53 
30 52 58 
30 52 149 
30 52 150 
30 53 52 
30 58 52 
86 30 52 
30 150 52 
30 53 59 
30 53 149 
30 53 150 
30 59 53 
86 30 53 
30 149 53 
30 58 149 
30 58 150 
86 30 58 
30 149 58 
270 30 58 
30 59 149 
30 59 150 
86 30 59 
30 150 59 
270 30 59 
270 30 94 
30 149 150 
30 150 149 
86 30 149 
86 30 150 
270 86 30 
31 52 53 
31 52 55 
31 52 58 
31 53 52 
31 54 52 
31 58 52 
87 31 52 
31 53 54 
31 53 59 
31 55 53 
31 59 53 
87 31 53 
31 54 55 
31 55 54 
31 59 54 
31 271 54 
271 31 54 
31 58 55 
31 271 55 
271 31 55 
87 31 58 
31 270 58 
270 31 58 
31 271 58 
271 31 58 
87 31 59 
31 270 59 
270 31 59 
31 271 59 
271 31 59 
31 270 95 
270 31 95 
31 271 95 
271 31 95 
271 87 31 
32 52 53 
32 52 55 
32 52 56 
32 53 52 
32 54 52 
32 56 52 
32 96 52 
32 53 54 
32 53 57 
32 55 53 
32 57 53 
32 96 53 
32 54 55 
32 54 56 
32 55 54 
32 57 54 
271 32 54 
32 55 57 
32 56 55 
271 32 55 
32 56 57 
32 57 56 
271 32 96 
272 32 96 
33 52 53 
33 52 55 
33 52 56 
33 53 52 
33 54 52 
33 56 52 
88 33 52 
33 53 54 
33 53 57 
33 55 53 
33 57 53 
88 33 53 
33 54 55 
33 54 56 
33 55 54 
33 57 54 
33 113 54 
33 55 57 
33 56 55 
33 112 55 
33 56 57 
33 56 112 
33 56 113 
33 57 56 
88 33 56 
33 97 56 
88 33 57 
33 97 57 
272 33 97 
273 33 97 
33 112 113 
33 113 112 
272 88 33 
273 88 33 
34 52 53 
34 52 55 
34 53 52 
34 54 52 
89 34 52 
34 53 54 
34 55 53 
89 34 53 
34 54 55 
34 55 54 
89 34 54 
89 34 55 
273 34 97 
274 34 97 
274 89 34 
274 35 98 
275 35 98 
275 36 98 
276 36 98 
276 90 36 
276 37 99 
277 37 99 
75 38 44 
76 38 44 
75 38 45 
76 38 45 
75 76 38 
75 39 44 
76 39 44 
75 76 39 
42 112 113 
42 113 112 
176 42 112 
48 42 112 
52 56 42 
52 176 42 
54 52 42 
56 52 42 
54 56 42 
54 176 42 
57 54 42 
56 57 42 
56 42 112 
56 42 113 
57 56 42 
164 180 42 
113 43 112 
53 57 43 
53 59 43 
53 157 43 
53 43 197 
53 197 43 
55 53 43 
57 53 43 
59 53 43 
55 57 43 
55 157 43 
55 43 172 
55 43 197 
55 197 43 
56 55 43 
56 57 43 
56 43 112 
56 113 43 
56 43 197 
56 197 43 
57 56 43 
57 59 43 
59 43 197 
59 197 43 
113 43 172 
197 113 43 
157 43 172 
165 157 43 
75 76 44 
75 76 45 
46 48 158 
48 46 158 
48 158 46 
113 47 112 
49 159 47 
113 159 47 
159 113 47 
48 112 158 
48 196 158 
50 78 180 
164 50 78 
50 166 78 
166 50 78 
50 107 180 
164 50 107 
50 180 107 
50 166 120 
166 50 120 
50 230 180 
52 58 50 
52 50 78 
52 50 107 
52 50 166 
52 166 50 
58 52 50 
57 50 166 
57 166 50 
58 50 78 
58 50 107 
58 50 166 
58 166 50 
58 50 230 
164 50 166 
164 166 50 
164 50 180 
164 50 230 
165 51 107 
53 59 51 
53 167 51 
59 53 51 
59 51 107 
59 51 231 
59 231 51 
165 167 51 
165 51 175 
165 51 231 
165 231 51 
167 51 175 
52 53 62 
52 53 109 
52 53 110 
52 53 111 
52 53 126 
52 53 127 
52 53 140 
52 53 141 
52 53 148 
52 53 149 
52 53 150 
52 53 156 
52 53 157 
52 53 168 
52 53 169 
52 53 207 
52 55 53 
85 52 53 
86 52 53 
87 52 53 
88 52 53 
89 52 53 
90 52 53 
91 52 53 
92 52 53 
93 52 53 
96 52 53 
98 52 53 
52 127 53 
52 149 53 
204 52 53 
237 52 53 
238 52 53 
239 52 53 
240 52 53 
241 52 53 
242 52 53 
243 52 53 
244 52 53 
269 52 53 
52 55 65 
52 55 110 
52 55 111 
52 55 149 
52 55 150 
52 55 156 
52 55 157 
52 55 166 
52 55 176 
52 55 177 
52 55 196 
52 55 208 
52 56 55 
56 52 55 
52 58 55 
58 52 55 
89 52 55 
237 52 55 
242 52 55 
52 56 58 
52 56 62 
52 56 65 
52 56 110 
52 56 111 
52 56 126 
52 56 127 
52 56 140 
52 56 141 
52 56 145 
52 56 149 
52 56 150 
52 56 162 
85 52 56 
86 52 56 
87 52 56 
88 52 56 
89 52 56 
92 52 56 
93 52 56 
52 109 56 
52 126 56 
126 52 56 
52 148 56 
52 149 56 
204 52 56 
238 52 56 
240 52 56 
241 52 56 
243 52 56 
244 52 56 
52 58 78 
52 58 107 
52 58 111 
52 58 149 
52 58 150 
52 58 157 
52 58 166 
52 58 196 
52 58 207 
52 58 235 
85 52 58 
86 52 58 
87 52 58 
88 52 58 
96 52 58 
52 149 58 
204 52 58 
240 52 58 
241 52 58 
242 52 58 
244 52 58 
52 62 148 
92 52 62 
52 149 62 
52 150 62 
150 52 62 
52 156 62 
52 157 62 
238 52 62 
52 65 80 
52 65 126 
52 65 149 
52 65 177 
52 149 65 
52 150 65 
150 52 65 
206 52 65 
52 166 78 
52 149 80 
52 150 80 
150 52 80 
52 208 80 
52 107 110 
52 107 111 
52 107 142 
52 107 145 
52 107 149 
52 107 150 
52 107 151 
52 107 208 
52 149 107 
52 177 107 
52 202 107 
52 218 107 
239 52 107 
52 109 156 
52 109 157 
52 166 109 
52 110 111 
52 110 150 
52 110 207 
52 111 110 
52 149 111 
52 126 142 
52 126 148 
52 126 150 
52 140 126 
52 162 126 
52 127 149 
52 148 127 
52 150 127 
150 52 127 
52 162 127 
52 140 141 
52 141 140 
52 149 140 
239 52 140 
52 149 141 
52 150 141 
150 52 141 
239 52 141 
52 149 142 
239 52 142 
52 150 145 
150 52 145 
52 149 150 
52 149 157 
52 149 162 
52 150 149 
150 52 149 
52 162 149 
52 150 151 
52 150 156 
52 150 157 
52 177 157 
239 52 162 
52 166 176 
52 176 168 
52 177 168 
52 169 207 
52 218 169 
52 176 200 
52 176 202 
52 202 176 
52 177 200 
52 177 202 
52 202 177 
52 196 200 
52 202 218 
53 54 52 
53 52 62 
53 52 109 
53 52 110 
53 52 111 
53 52 126 
53 126 52 
53 52 127 
53 52 140 
53 52 141 
53 52 148 
53 52 149 
53 52 150 
53 150 52 
53 52 156 
53 52 157 
53 52 168 
53 52 169 
53 52 207 
85 53 52 
86 53 52 
87 53 52 
88 53 52 
89 53 52 
90 53 52 
91 53 52 
92 53 52 
93 53 52 
96 53 52 
98 53 52 
204 53 52 
237 53 52 
238 53 52 
239 53 52 
240 53 52 
241 53 52 
242 53 52 
243 53 52 
244 53 52 
269 53 52 
54 52 55 
54 52 56 
54 56 52 
54 52 62 
54 52 65 
54 52 107 
54 52 109 
54 52 110 
54 52 111 
54 52 149 
54 52 150 
54 150 52 
54 52 156 
54 52 157 
54 52 176 
54 52 177 
54 52 208 
89 54 52 
237 54 52 
242 54 52 
56 52 58 
56 58 52 
56 52 62 
56 52 65 
56 52 110 
56 52 111 
56 52 126 
56 126 52 
56 52 127 
56 52 140 
56 52 141 
56 52 145 
56 52 149 
56 52 150 
56 150 52 
56 52 162 
85 56 52 
86 56 52 
87 56 52 
88 56 52 
89 56 52 
92 56 52 
93 56 52 
126 56 52 
204 56 52 
238 56 52 
240 56 52 
241 56 52 
243 56 52 
244 56 52 
58 52 78 
58 52 107 
58 52 111 
58 52 149 
58 52 150 
58 150 52 
58 52 157 
58 52 166 
58 52 196 
58 52 207 
58 52 235 
85 58 52 
86 58 52 
87 58 52 
88 58 52 
96 58 52 
204 58 52 
240 58 52 
241 58 52 
242 58 52 
244 58 52 
86 52 149 
86 52 150 
86 150 52 
88 87 52 
89 88 52 
90 89 52 
91 90 52 
92 91 52 
92 239 52 
93 92 52 
93 239 52 
96 52 107 
96 52 149 
96 52 150 
96 150 52 
98 52 107 
98 52 149 
98 52 150 
98 150 52 
126 52 142 
126 52 148 
126 52 150 
126 150 52 
126 239 52 
136 52 149 
150 52 151 
150 52 156 
150 52 157 
150 239 52 
240 204 52 
238 237 52 
238 239 52 
239 238 52 
239 269 52 
269 239 52 
241 240 52 
242 241 52 
243 242 52 
244 243 52 
53 54 62 
53 54 66 
53 54 109 
53 54 110 
53 54 111 
53 54 149 
53 54 150 
53 54 156 
53 54 157 
55 53 54 
53 57 54 
57 53 54 
53 59 54 
59 53 54 
89 53 54 
237 53 54 
242 53 54 
53 57 59 
53 57 62 
53 57 66 
53 57 110 
53 57 111 
53 57 126 
53 57 127 
53 57 141 
53 57 148 
53 57 149 
53 57 150 
53 57 154 
53 57 155 
53 57 156 
53 57 163 
85 53 57 
86 53 57 
87 53 57 
88 53 57 
89 53 57 
92 53 57 
93 53 57 
53 109 57 
53 127 57 
127 53 57 
53 148 57 
53 150 57 
204 53 57 
238 53 57 
240 53 57 
241 53 57 
243 53 57 
244 53 57 
53 59 62 
53 59 77 
53 59 111 
53 59 149 
53 59 150 
53 59 154 
53 59 155 
53 59 156 
53 59 197 
85 53 59 
86 53 59 
87 53 59 
88 53 59 
96 53 59 
53 150 59 
204 53 59 
240 53 59 
241 53 59 
242 53 59 
244 53 59 
53 62 148 
53 62 154 
53 62 155 
53 66 62 
92 53 62 
53 149 62 
149 53 62 
53 150 62 
53 154 62 
53 155 62 
53 156 62 
53 157 62 
238 53 62 
53 66 79 
53 66 127 
53 66 154 
53 66 155 
53 149 66 
149 53 66 
53 150 66 
53 154 66 
205 53 66 
53 167 77 
173 53 77 
53 79 155 
53 149 79 
149 53 79 
53 154 79 
53 155 79 
53 109 156 
53 109 157 
173 53 109 
53 110 111 
53 110 150 
53 110 207 
53 111 110 
53 149 111 
149 53 111 
53 126 148 
53 126 150 
53 140 126 
53 154 126 
53 127 149 
53 148 127 
53 150 127 
53 140 141 
53 141 140 
53 149 140 
149 53 140 
239 53 140 
53 149 141 
149 53 141 
53 150 141 
239 53 141 
53 148 154 
53 148 155 
53 155 148 
53 149 150 
53 149 152 
53 149 157 
53 150 149 
53 150 154 
53 150 155 
53 150 156 
53 150 157 
53 150 163 
53 163 150 
53 154 155 
53 155 154 
53 163 155 
173 53 156 
239 53 163 
53 217 168 
53 169 207 
53 203 217 
55 53 57 
55 57 53 
55 53 66 
55 53 110 
55 53 111 
55 53 149 
55 149 53 
55 53 150 
55 53 154 
55 53 155 
55 53 156 
55 53 157 
55 53 197 
89 55 53 
237 55 53 
242 55 53 
57 53 59 
57 59 53 
57 53 62 
57 53 66 
57 53 110 
57 53 111 
57 53 126 
57 53 127 
57 127 53 
57 53 141 
57 53 148 
57 53 149 
57 149 53 
57 53 150 
57 53 154 
57 53 155 
57 53 156 
57 53 163 
85 57 53 
86 57 53 
87 57 53 
88 57 53 
89 57 53 
92 57 53 
93 57 53 
127 57 53 
204 57 53 
238 57 53 
240 57 53 
241 57 53 
243 57 53 
244 57 53 
59 53 62 
59 53 77 
59 53 111 
59 53 149 
59 149 53 
59 53 150 
59 53 154 
59 53 155 
59 53 156 
59 173 53 
59 53 197 
85 59 53 
86 59 53 
87 59 53 
88 59 53 
96 59 53 
204 59 53 
240 59 53 
241 59 53 
242 59 53 
244 59 53 
86 53 149 
86 149 53 
86 53 150 
88 87 53 
89 88 53 
90 89 53 
91 90 53 
92 91 53 
92 239 53 
93 92 53 
93 239 53 
96 53 149 
96 149 53 
96 53 150 
98 53 149 
98 149 53 
98 53 150 
127 53 149 
127 149 53 
137 53 150 
149 53 150 
149 53 152 
149 53 157 
149 239 53 
240 204 53 
238 237 53 
238 239 53 
239 238 53 
239 269 53 
269 239 53 
241 240 53 
242 241 53 
243 242 53 
244 243 53 
54 55 61 
54 55 65 
54 55 66 
54 55 70 
54 55 110 
54 55 111 
54 55 149 
54 55 150 
54 55 156 
54 55 157 
54 55 160 
54 55 171 
54 55 172 
54 55 176 
54 55 177 
54 55 208 
54 55 231 
54 56 55 
69 54 55 
89 54 55 
237 54 55 
242 54 55 
245 54 55 
271 54 55 
54 56 62 
54 56 65 
54 56 110 
54 56 111 
54 56 149 
54 56 150 
57 54 56 
89 54 56 
54 109 56 
54 149 56 
54 60 61 
54 60 62 
54 60 64 
54 60 66 
54 60 172 
54 61 60 
54 62 60 
54 64 60 
54 66 60 
69 54 60 
54 61 65 
54 62 61 
54 64 61 
54 65 61 
69 54 61 
113 54 61 
54 66 62 
54 149 62 
54 150 62 
54 156 62 
54 157 62 
54 64 65 
54 64 156 
54 64 171 
54 65 64 
54 66 64 
54 156 64 
54 65 66 
54 65 149 
54 65 160 
54 65 172 
54 65 177 
113 54 65 
54 149 65 
54 150 65 
54 172 65 
54 66 70 
54 66 160 
54 66 171 
54 66 172 
54 66 230 
54 70 66 
54 149 66 
54 150 66 
54 67 109 
54 67 177 
54 70 67 
54 107 67 
54 176 67 
54 177 67 
54 149 70 
54 150 70 
54 160 70 
54 107 110 
54 107 111 
54 107 149 
54 107 150 
54 107 160 
54 107 208 
54 149 107 
54 160 107 
54 177 107 
54 109 156 
54 109 157 
54 110 111 
54 110 150 
54 111 110 
54 149 111 
54 149 150 
54 149 157 
54 149 172 
54 150 149 
54 160 149 
54 150 156 
54 150 157 
54 150 160 
54 150 172 
54 160 150 
54 156 171 
54 157 172 
54 177 157 
54 176 171 
54 177 171 
54 177 172 
54 230 228 
55 57 54 
55 54 61 
55 54 65 
55 54 66 
55 54 70 
55 54 110 
55 54 111 
55 54 149 
55 54 150 
55 54 156 
55 54 157 
55 54 160 
55 54 171 
55 54 172 
55 54 176 
55 54 177 
55 54 208 
55 54 231 
69 55 54 
89 55 54 
237 55 54 
242 55 54 
245 55 54 
271 55 54 
57 59 54 
57 54 62 
57 54 64 
57 54 66 
57 54 110 
57 54 111 
57 54 149 
57 54 150 
57 54 156 
89 57 54 
59 54 62 
59 54 65 
59 54 67 
59 69 54 
59 54 107 
59 54 111 
59 54 149 
59 54 150 
59 54 156 
59 54 231 
242 59 54 
271 59 54 
69 54 149 
69 54 150 
69 54 156 
69 54 157 
89 113 54 
113 54 172 
55 57 66 
55 57 110 
55 57 111 
55 57 149 
55 57 150 
55 57 154 
55 57 155 
55 57 156 
55 57 166 
89 55 57 
55 150 57 
55 61 63 
55 61 65 
55 61 154 
55 61 155 
55 65 61 
69 55 61 
55 63 66 
55 63 157 
55 63 172 
55 65 63 
55 66 63 
55 74 63 
55 157 63 
55 177 63 
55 65 66 
55 65 149 
55 65 154 
55 65 155 
55 65 160 
55 65 172 
55 65 177 
55 65 197 
55 149 65 
55 150 65 
55 155 65 
55 172 65 
55 66 70 
55 66 154 
55 66 155 
55 66 160 
55 66 171 
55 66 172 
55 70 66 
112 55 66 
55 149 66 
55 150 66 
55 154 66 
55 149 70 
55 150 70 
55 160 70 
55 110 111 
55 110 150 
55 111 110 
55 149 111 
55 149 150 
55 149 157 
55 149 172 
55 150 149 
55 160 149 
55 150 154 
55 150 155 
55 150 156 
55 150 157 
55 150 160 
55 150 172 
55 160 150 
55 154 155 
55 155 154 
55 172 154 
271 55 154 
55 172 155 
271 55 155 
55 156 171 
55 157 172 
55 177 157 
55 166 176 
55 166 234 
55 176 171 
55 177 171 
55 177 172 
55 197 229 
55 231 197 
55 231 229 
56 55 57 
56 58 55 
56 55 63 
56 55 65 
56 55 110 
56 55 111 
56 112 55 
56 55 149 
56 55 150 
56 55 197 
89 56 55 
58 55 66 
58 55 111 
58 55 149 
58 55 150 
58 55 157 
58 55 166 
58 55 196 
242 58 55 
271 58 55 
69 55 149 
69 55 150 
69 55 154 
69 55 155 
69 55 156 
69 55 157 
89 112 55 
56 57 62 
56 57 110 
56 57 111 
56 57 126 
56 57 127 
56 57 141 
56 57 149 
56 57 150 
85 56 57 
86 56 57 
87 56 57 
88 56 57 
89 56 57 
92 56 57 
93 56 57 
97 56 57 
109 56 57 
56 127 57 
148 56 57 
56 150 57 
204 56 57 
238 56 57 
240 56 57 
241 56 57 
243 56 57 
244 56 57 
56 58 111 
56 58 149 
56 58 150 
85 56 58 
86 56 58 
87 56 58 
88 56 58 
56 149 58 
149 56 58 
204 56 58 
205 56 58 
240 56 58 
241 56 58 
244 56 58 
92 56 62 
56 149 62 
149 56 62 
56 150 62 
238 56 62 
56 65 63 
56 65 112 
56 65 113 
56 65 126 
56 65 149 
56 65 197 
56 113 65 
56 149 65 
149 56 65 
56 150 65 
56 110 111 
56 110 150 
56 111 110 
56 149 111 
149 56 111 
56 112 113 
56 113 112 
204 56 112 
205 56 112 
244 56 112 
56 113 145 
56 197 113 
204 56 113 
205 56 113 
243 56 113 
244 56 113 
56 126 150 
56 140 126 
56 162 126 
56 127 149 
148 56 127 
56 150 127 
56 162 127 
56 140 141 
56 141 140 
56 149 140 
149 56 140 
56 149 141 
149 56 141 
56 150 141 
56 150 145 
56 149 150 
56 149 162 
56 150 149 
56 162 149 
57 56 62 
57 56 110 
57 56 111 
57 56 126 
57 126 56 
57 56 127 
57 56 141 
57 148 56 
57 56 149 
57 149 56 
57 56 150 
85 57 56 
86 57 56 
87 57 56 
88 57 56 
89 57 56 
92 57 56 
93 57 56 
97 57 56 
109 57 56 
148 57 56 
204 57 56 
238 57 56 
240 57 56 
241 57 56 
243 57 56 
244 57 56 
86 56 149 
86 149 56 
86 56 150 
88 87 56 
89 88 56 
89 56 112 
89 56 113 
93 92 56 
97 56 149 
97 149 56 
97 56 150 
126 148 56 
126 56 150 
149 56 150 
149 56 162 
240 204 56 
241 240 56 
244 243 56 
57 59 62 
57 59 111 
57 59 149 
57 59 150 
57 59 154 
57 59 155 
57 59 156 
57 59 166 
85 57 59 
86 57 59 
87 57 59 
88 57 59 
57 150 59 
150 57 59 
204 57 59 
206 57 59 
240 57 59 
241 57 59 
244 57 59 
57 62 138 
57 62 148 
57 62 154 
57 62 155 
57 66 62 
92 57 62 
57 138 62 
57 149 62 
57 150 62 
150 57 62 
57 154 62 
57 155 62 
57 156 62 
238 57 62 
57 64 138 
57 64 156 
57 66 64 
57 156 64 
57 66 127 
57 66 154 
57 66 155 
57 149 66 
57 150 66 
150 57 66 
57 154 66 
57 110 111 
57 110 150 
57 111 110 
57 149 111 
57 126 148 
57 126 150 
57 154 126 
57 127 149 
57 148 127 
148 57 127 
57 150 127 
150 57 127 
57 141 138 
57 149 141 
57 150 141 
150 57 141 
57 148 154 
57 148 155 
57 155 148 
57 149 150 
57 150 149 
150 57 149 
57 150 154 
57 150 155 
57 150 156 
57 150 163 
57 163 150 
57 154 155 
57 155 154 
57 163 155 
86 57 149 
86 57 150 
86 150 57 
88 87 57 
89 88 57 
92 57 138 
93 92 57 
97 57 149 
97 57 150 
97 150 57 
109 57 156 
127 57 149 
148 127 57 
150 127 57 
148 57 154 
148 57 155 
150 57 154 
150 57 155 
150 57 156 
150 57 163 
240 204 57 
241 240 57 
244 243 57 
58 66 230 
58 149 66 
149 58 66 
58 150 66 
205 58 66 
58 67 173 
58 67 181 
58 107 67 
58 78 77 
58 167 77 
58 173 77 
58 78 173 
58 166 78 
58 173 78 
58 82 129 
58 82 181 
58 117 82 
58 129 82 
58 167 82 
58 233 82 
58 84 129 
58 84 181 
58 129 84 
58 107 111 
58 107 149 
58 107 150 
58 149 107 
149 58 107 
58 149 111 
149 58 111 
58 230 122 
58 129 181 
58 167 129 
58 149 150 
58 149 157 
58 150 149 
58 181 149 
58 150 157 
58 166 173 
58 166 181 
58 167 181 
58 167 233 
58 167 235 
58 173 230 
58 181 207 
58 235 181 
58 230 196 
270 85 58 
86 58 149 
86 149 58 
86 58 150 
270 86 58 
271 86 58 
88 87 58 
271 87 58 
96 58 107 
96 58 149 
96 149 58 
96 58 150 
271 96 58 
149 58 150 
149 58 157 
240 204 58 
240 236 58 
241 240 58 
270 240 58 
242 241 58 
270 241 58 
271 241 58 
59 62 154 
59 62 155 
108 59 62 
59 149 62 
59 150 62 
150 59 62 
59 154 62 
59 155 62 
59 156 62 
59 65 149 
59 65 154 
59 65 155 
59 65 197 
59 149 65 
59 150 65 
150 59 65 
59 155 65 
59 181 65 
206 59 65 
59 67 173 
59 67 174 
59 67 181 
59 107 67 
59 69 149 
59 69 150 
59 69 154 
59 69 155 
59 69 156 
59 69 181 
86 59 69 
204 59 69 
206 59 69 
59 173 77 
59 174 77 
59 81 128 
59 81 181 
59 116 81 
59 128 81 
59 166 81 
59 181 81 
59 232 81 
59 83 128 
59 83 181 
59 128 83 
59 107 111 
59 107 149 
59 107 150 
59 149 107 
59 149 111 
59 166 128 
59 232 128 
59 129 181 
59 149 150 
59 150 149 
150 59 149 
59 181 149 
59 150 154 
59 150 155 
59 150 156 
59 154 155 
59 155 154 
271 59 154 
271 59 155 
59 173 156 
59 166 173 
59 166 181 
59 166 232 
59 166 234 
59 174 231 
59 181 234 
59 231 197 
270 85 59 
86 59 149 
86 59 150 
86 150 59 
270 86 59 
271 86 59 
88 87 59 
271 87 59 
96 59 107 
96 59 149 
96 59 150 
96 150 59 
271 96 59 
150 59 154 
150 59 155 
150 59 156 
240 204 59 
240 236 59 
241 240 59 
270 240 59 
242 241 59 
270 241 59 
271 241 59 
60 61 262 
60 61 263 
60 62 61 
62 60 61 
60 64 61 
64 60 61 
69 60 61 
60 113 61 
158 60 61 
267 60 61 
60 62 138 
60 66 62 
66 60 62 
60 138 62 
158 60 62 
60 64 138 
60 66 64 
66 60 64 
158 60 64 
60 66 172 
60 112 66 
112 60 66 
158 60 66 
60 112 113 
60 113 112 
60 263 112 
60 113 172 
60 172 113 
60 263 113 
158 60 138 
60 262 263 
60 263 262 
61 69 60 
61 60 262 
61 60 263 
62 61 60 
64 61 60 
69 61 60 
158 61 60 
267 61 60 
62 60 138 
66 62 60 
158 62 60 
64 60 138 
66 64 60 
158 64 60 
66 60 172 
112 66 60 
158 66 60 
69 158 60 
112 60 113 
112 158 60 
64 61 63 
61 65 63 
65 61 63 
61 159 63 
61 65 154 
61 65 155 
113 61 65 
61 155 65 
61 159 65 
61 69 154 
61 69 155 
61 69 159 
61 154 155 
61 155 154 
61 262 263 
61 263 262 
62 61 154 
62 61 155 
158 62 61 
64 61 65 
64 65 61 
65 64 61 
158 64 61 
65 113 61 
65 61 154 
65 61 155 
113 65 61 
69 61 154 
69 61 155 
69 158 61 
69 61 159 
113 61 159 
62 138 139 
62 139 138 
139 62 138 
158 62 138 
158 62 139 
62 148 154 
62 148 155 
62 155 148 
155 62 148 
62 154 155 
62 155 154 
155 62 154 
66 62 154 
66 154 62 
66 62 155 
66 155 62 
149 66 62 
150 66 62 
154 66 62 
158 66 62 
92 108 62 
92 62 138 
92 138 62 
108 158 62 
108 159 62 
157 108 62 
138 62 139 
138 139 62 
139 138 62 
158 138 62 
158 139 62 
149 150 62 
149 157 62 
150 149 62 
150 62 154 
150 154 62 
150 62 155 
150 155 62 
150 156 62 
150 157 62 
154 62 155 
154 155 62 
155 154 62 
159 156 62 
158 157 62 
63 64 138 
65 63 64 
63 66 64 
66 63 64 
180 63 64 
265 63 64 
63 66 79 
63 66 172 
63 157 172 
177 63 157 
177 63 172 
64 65 63 
64 63 138 
65 64 63 
66 64 63 
180 64 63 
265 64 63 
65 63 66 
65 66 63 
65 63 80 
65 63 172 
65 177 63 
159 65 63 
66 63 79 
66 63 172 
180 74 63 
220 74 63 
157 63 172 
177 157 63 
265 159 63 
64 138 139 
64 139 138 
158 64 138 
158 64 139 
64 156 171 
173 64 156 
65 66 64 
66 64 171 
158 66 64 
156 64 171 
173 156 64 
265 158 64 
180 173 64 
65 66 154 
65 66 155 
65 66 160 
65 66 172 
65 112 66 
65 149 66 
149 65 66 
150 65 66 
65 154 66 
65 80 113 
65 80 154 
65 80 155 
65 113 80 
113 65 80 
65 149 80 
149 65 80 
150 65 80 
65 154 80 
65 155 80 
155 65 80 
65 112 113 
65 113 112 
113 65 112 
65 113 172 
65 155 113 
155 65 113 
159 65 113 
65 172 113 
172 65 113 
65 177 113 
65 197 113 
65 154 126 
65 149 172 
150 65 149 
65 160 149 
181 65 149 
65 154 155 
65 155 154 
155 65 154 
65 172 154 
172 65 154 
65 163 155 
65 172 155 
172 65 155 
65 177 172 
181 65 177 
113 159 65 
113 65 172 
113 172 65 
155 113 65 
159 113 65 
172 113 65 
149 150 65 
149 65 172 
149 172 65 
150 149 65 
181 149 65 
150 65 154 
150 65 155 
150 155 65 
150 65 160 
150 65 163 
150 65 172 
150 172 65 
172 155 65 
172 159 65 
66 79 70 
149 66 70 
150 66 70 
66 160 70 
66 79 155 
112 66 79 
149 66 79 
66 154 79 
154 66 79 
66 155 79 
150 66 127 
66 160 127 
66 162 127 
66 154 155 
66 155 154 
66 162 154 
66 172 154 
66 172 155 
149 70 66 
150 70 66 
112 158 66 
205 112 66 
149 150 66 
149 66 162 
149 66 172 
150 149 66 
150 66 154 
150 154 66 
150 66 155 
150 66 160 
150 66 172 
154 66 155 
67 108 109 
67 109 108 
67 173 108 
67 174 108 
67 194 108 
67 195 108 
67 109 173 
67 173 109 
67 174 109 
67 194 109 
67 195 109 
67 136 153 
137 67 136 
67 153 136 
153 67 136 
67 194 173 
67 177 181 
67 181 177 
67 187 177 
67 195 177 
67 187 181 
67 187 194 
67 187 195 
70 67 153 
70 153 67 
107 67 136 
107 137 67 
107 67 153 
107 153 67 
137 107 67 
177 107 67 
201 107 67 
153 137 67 
176 67 181 
176 201 67 
201 176 67 
177 67 181 
177 201 67 
68 108 109 
68 109 108 
68 174 108 
68 194 108 
68 195 108 
218 68 108 
68 174 109 
68 194 109 
68 195 109 
68 137 160 
153 68 137 
68 160 137 
221 68 181 
222 68 181 
223 68 181 
107 136 68 
107 68 137 
107 153 68 
107 68 160 
177 107 68 
218 107 68 
136 68 137 
136 153 68 
153 136 68 
176 68 181 
176 200 68 
222 176 68 
177 68 181 
177 200 68 
221 177 68 
222 177 68 
221 223 68 
223 221 68 
69 108 158 
69 108 159 
69 157 108 
157 69 108 
69 149 150 
69 149 157 
69 150 149 
69 181 149 
69 150 154 
69 150 155 
69 150 156 
69 150 157 
163 69 150 
69 154 155 
69 155 154 
69 261 154 
268 69 154 
163 69 155 
69 261 155 
268 69 155 
69 159 156 
69 158 157 
69 158 264 
69 159 261 
268 69 264 
86 69 149 
86 69 150 
101 86 69 
101 69 154 
101 69 155 
101 69 158 
101 69 159 
101 69 261 
106 69 108 
268 106 69 
160 70 153 
149 79 70 
149 80 70 
150 80 70 
149 150 70 
149 70 153 
150 149 70 
160 149 70 
170 149 70 
215 149 70 
150 160 70 
160 150 70 
170 150 70 
180 74 72 
73 112 113 
73 113 112 
165 180 74 
78 173 77 
78 174 77 
173 78 77 
165 167 77 
167 174 77 
164 78 124 
78 175 124 
78 180 173 
78 180 174 
164 166 78 
164 78 175 
164 78 180 
166 78 173 
166 173 78 
166 78 175 
154 79 155 
154 155 79 
155 154 79 
225 80 82 
80 155 113 
155 80 113 
80 154 155 
80 155 154 
155 80 154 
155 113 80 
149 150 80 
150 149 80 
150 80 154 
150 154 80 
150 80 155 
150 155 80 
154 80 155 
154 155 80 
155 154 80 
166 81 128 
188 81 128 
232 81 128 
178 81 175 
199 81 196 
114 116 81 
114 224 81 
116 114 81 
178 114 81 
188 114 81 
116 81 228 
116 228 81 
188 116 81 
166 128 81 
188 128 81 
232 128 81 
130 81 175 
130 178 81 
169 130 81 
166 81 175 
166 81 181 
166 181 81 
166 232 81 
217 168 81 
169 81 228 
169 228 81 
178 224 81 
188 81 196 
188 196 81 
188 232 81 
196 199 81 
199 196 81 
169 82 121 
82 175 121 
225 82 121 
82 129 181 
167 82 129 
189 82 129 
184 82 181 
115 117 82 
115 82 121 
115 82 129 
115 129 82 
189 115 82 
117 82 229 
117 229 82 
184 117 82 
189 117 82 
129 82 181 
167 129 82 
189 129 82 
131 82 175 
168 131 82 
169 131 82 
184 131 82 
167 82 175 
167 82 181 
167 233 82 
169 82 229 
169 229 82 
218 169 82 
184 189 82 
184 233 82 
189 184 82 
189 197 82 
189 225 82 
189 233 82 
197 82 229 
197 229 82 
209 82 229 
209 229 82 
233 225 82 
184 83 128 
178 83 175 
184 83 181 
118 83 128 
118 128 83 
118 132 83 
178 118 83 
184 118 83 
184 128 83 
132 83 175 
168 132 83 
178 132 83 
178 226 83 
84 129 181 
185 84 129 
84 165 175 
182 84 165 
185 84 165 
179 84 175 
119 125 84 
119 84 129 
119 129 84 
119 133 84 
125 119 84 
179 119 84 
185 119 84 
125 133 84 
133 125 84 
179 125 84 
227 125 84 
129 84 181 
185 129 84 
133 84 175 
169 133 84 
179 133 84 
179 227 84 
212 182 84 
265 85 101 
270 85 101 
86 149 150 
86 150 149 
101 265 86 
265 101 86 
270 101 86 
271 87 102 
272 87 102 
272 88 87 
271 102 87 
272 102 87 
273 88 103 
274 88 103 
274 89 88 
273 103 88 
274 103 88 
89 112 113 
89 113 112 
90 104 89 
90 89 113 
104 90 89 
275 104 89 
276 90 104 
276 104 90 
266 91 105 
92 106 91 
106 92 91 
267 92 91 
267 106 91 
92 106 108 
92 106 239 
267 92 106 
268 92 106 
268 92 239 
93 92 239 
106 93 92 
267 93 92 
268 93 92 
106 92 108 
106 92 239 
267 106 92 
268 106 92 
93 239 143 
268 93 239 
106 93 134 
106 93 239 
267 106 93 
268 106 93 
101 265 94 
265 101 94 
270 101 94 
95 107 149 
95 107 150 
95 107 160 
95 149 107 
95 160 107 
95 149 150 
95 150 149 
95 160 149 
95 150 160 
95 160 150 
270 101 95 
271 102 95 
272 102 95 
96 107 149 
96 107 150 
96 107 160 
96 149 107 
96 160 107 
96 149 150 
96 150 149 
96 160 149 
96 150 160 
96 160 150 
271 102 96 
272 102 96 
273 103 96 
274 103 96 
97 107 149 
97 107 150 
97 149 107 
97 149 150 
97 150 149 
273 103 97 
274 103 97 
275 104 97 
98 107 149 
98 107 150 
98 149 107 
98 149 150 
98 150 149 
275 104 98 
276 104 98 
277 105 99 
100 107 149 
100 107 150 
100 149 107 
100 239 107 
100 149 150 
100 149 239 
100 150 149 
100 150 239 
106 100 239 
267 106 100 
101 154 155 
101 155 154 
101 261 154 
101 261 155 
101 265 158 
265 101 158 
101 159 261 
101 265 159 
265 101 159 
101 236 248 
101 236 265 
101 240 236 
101 248 236 
101 265 236 
265 101 236 
101 240 248 
101 240 251 
101 241 240 
101 265 240 
265 101 240 
270 101 240 
101 241 248 
270 101 241 
101 265 248 
265 101 248 
270 101 248 
270 101 251 
101 259 261 
101 265 259 
265 101 259 
101 265 261 
265 101 261 
270 101 261 
102 154 155 
102 155 154 
102 260 154 
102 261 154 
271 102 154 
272 102 154 
102 260 155 
102 261 155 
271 102 155 
272 102 155 
102 242 241 
271 102 241 
272 102 242 
102 260 251 
271 102 251 
102 260 261 
272 102 260 
271 102 261 
272 102 261 
103 244 243 
273 103 243 
273 103 261 
274 103 261 
104 246 245 
275 104 245 
104 262 261 
275 104 261 
275 104 264 
276 104 264 
105 237 247 
277 105 247 
266 105 264 
277 105 264 
106 134 108 
106 238 239 
106 239 238 
267 106 238 
106 239 250 
268 106 239 
107 110 111 
107 110 150 
107 111 110 
107 149 111 
149 107 111 
248 107 111 
107 136 137 
107 136 149 
107 136 153 
107 137 136 
137 107 136 
107 149 136 
149 107 136 
107 153 136 
107 160 136 
160 107 136 
107 137 145 
107 137 150 
107 137 160 
107 150 137 
107 153 137 
107 160 137 
160 107 137 
107 138 139 
107 139 138 
107 142 143 
107 149 142 
149 107 142 
239 107 142 
107 150 143 
239 107 143 
107 150 145 
107 149 150 
107 149 152 
107 149 153 
107 150 149 
107 160 149 
160 107 149 
250 107 149 
107 150 151 
107 150 160 
107 160 150 
160 107 150 
250 107 150 
107 151 152 
107 152 151 
107 160 153 
160 107 153 
137 107 145 
137 107 150 
137 107 160 
137 160 107 
160 137 107 
149 107 150 
149 107 152 
149 107 153 
149 239 107 
160 149 107 
250 149 107 
164 107 180 
164 180 107 
165 164 107 
165 107 180 
165 180 107 
201 165 107 
177 201 107 
177 202 107 
177 203 107 
202 177 107 
203 177 107 
201 220 107 
201 248 107 
202 218 107 
203 217 107 
239 250 107 
108 109 158 
108 109 159 
108 109 262 
108 109 263 
173 108 109 
174 108 109 
194 108 109 
195 108 109 
108 262 263 
108 263 262 
109 157 108 
109 108 158 
109 108 159 
109 173 108 
109 108 262 
109 108 263 
173 109 108 
174 109 108 
194 109 108 
195 109 108 
174 157 108 
194 173 108 
193 175 108 
109 159 156 
109 173 156 
173 109 156 
109 158 157 
174 109 157 
194 109 173 
109 262 263 
109 263 262 
166 109 173 
166 173 109 
194 173 109 
204 112 113 
205 112 113 
244 112 113 
260 112 113 
263 112 113 
113 260 112 
204 113 112 
205 113 112 
244 113 112 
260 113 112 
263 113 112 
176 171 112 
113 159 261 
113 172 159 
172 113 159 
177 113 172 
113 259 261 
113 260 259 
260 113 259 
113 260 261 
172 155 113 
260 155 113 
261 155 113 
159 113 261 
159 261 113 
172 159 113 
177 172 113 
244 243 113 
260 113 261 
260 261 113 
261 263 113 
263 113 264 
188 114 116 
178 114 120 
114 224 120 
178 114 160 
188 116 114 
178 160 114 
178 114 224 
189 115 117 
179 115 121 
189 115 129 
179 115 160 
184 116 118 
186 116 122 
187 116 122 
192 116 122 
184 187 116 
184 188 116 
184 189 116 
189 184 116 
186 187 116 
187 186 116 
185 117 119 
117 123 229 
186 117 123 
191 117 123 
117 227 123 
117 229 123 
184 117 165 
185 117 165 
186 117 165 
187 117 165 
188 117 165 
189 117 165 
231 117 229 
184 187 117 
184 188 117 
184 189 117 
189 184 117 
185 186 117 
185 188 117 
188 185 117 
186 187 117 
186 117 229 
187 186 117 
187 117 229 
187 231 117 
188 117 227 
118 124 132 
118 132 124 
178 118 124 
184 118 128 
178 118 132 
178 118 160 
184 118 234 
184 234 118 
119 125 133 
119 133 125 
179 119 125 
185 119 129 
179 119 133 
179 119 160 
125 119 133 
179 125 119 
185 119 235 
130 178 120 
178 224 120 
191 224 120 
179 175 121 
192 175 121 
179 225 121 
190 225 121 
192 225 121 
130 175 122 
132 175 122 
168 132 122 
175 132 122 
168 230 122 
192 175 122 
193 175 122 
186 187 122 
187 186 122 
186 123 129 
193 123 175 
129 186 123 
186 129 123 
131 123 175 
131 175 123 
133 123 175 
133 175 123 
175 133 123 
193 175 123 
186 123 229 
186 229 123 
193 227 123 
175 124 132 
178 124 132 
132 175 124 
175 132 124 
178 132 124 
164 175 124 
178 175 124 
192 175 124 
193 175 124 
178 226 124 
191 226 124 
192 226 124 
193 226 124 
175 125 133 
179 125 133 
192 125 133 
133 175 125 
133 231 125 
175 133 125 
179 133 125 
192 133 125 
165 175 125 
165 231 125 
179 175 125 
192 175 125 
193 175 125 
179 227 125 
179 231 125 
192 227 125 
193 227 125 
126 239 142 
126 150 239 
162 154 126 
150 127 143 
150 127 149 
160 127 149 
162 127 149 
150 160 127 
160 150 127 
166 232 128 
223 166 128 
184 188 128 
184 223 128 
185 186 128 
185 188 128 
185 232 128 
188 185 128 
188 232 128 
221 223 128 
221 232 128 
223 221 128 
222 232 128 
129 186 181 
186 129 181 
187 129 181 
221 129 181 
222 129 181 
223 129 181 
187 129 186 
222 129 202 
167 129 181 
221 167 129 
185 129 186 
185 186 129 
186 187 129 
187 186 129 
221 223 129 
223 221 129 
130 178 175 
131 179 175 
178 132 175 
178 175 132 
179 133 175 
192 133 175 
169 133 231 
179 175 133 
192 175 133 
179 133 231 
136 153 137 
153 136 137 
160 136 137 
247 136 137 
136 149 153 
160 136 149 
160 136 153 
137 160 136 
153 137 136 
160 137 136 
247 137 136 
149 136 153 
149 153 136 
160 149 136 
160 153 136 
137 150 145 
150 137 145 
137 150 160 
137 160 150 
160 137 150 
150 137 160 
150 160 137 
160 150 137 
160 153 137 
140 138 139 
141 138 139 
158 138 139 
140 139 138 
141 139 138 
158 139 138 
140 141 138 
141 140 138 
140 141 139 
141 140 139 
149 140 141 
239 140 141 
149 141 140 
239 141 140 
149 239 140 
149 150 141 
149 239 141 
150 149 141 
150 239 141 
239 142 143 
149 239 142 
150 239 143 
200 219 146 
201 220 147 
148 154 155 
148 155 154 
155 148 154 
149 150 157 
149 150 172 
149 150 239 
160 149 150 
170 149 150 
250 149 150 
252 149 150 
253 149 150 
254 149 150 
255 149 150 
256 149 150 
257 149 150 
160 149 153 
149 157 172 
149 239 162 
150 149 157 
150 160 149 
150 149 172 
150 149 239 
160 150 149 
170 150 149 
250 150 149 
252 150 149 
253 150 149 
254 150 149 
255 150 149 
256 150 149 
257 150 149 
150 154 155 
150 155 154 
150 172 154 
150 163 155 
163 150 155 
150 172 155 
150 157 172 
150 239 163 
161 154 155 
172 154 155 
260 154 155 
261 154 155 
268 154 155 
271 154 155 
272 154 155 
161 155 154 
172 155 154 
260 155 154 
261 155 154 
268 155 154 
271 155 154 
272 155 154 
161 162 154 
161 261 154 
260 261 154 
272 260 154 
271 261 154 
272 261 154 
161 163 155 
161 261 155 
260 261 155 
272 260 155 
271 261 155 
272 261 155 
177 157 172 
265 159 261 
161 162 163 
161 163 162 
239 162 163 
239 163 162 
164 166 175 
164 166 234 
164 223 166 
223 164 166 
164 175 234 
164 230 180 
164 186 182 
186 164 182 
188 164 182 
164 222 182 
222 164 182 
164 183 223 
184 164 183 
164 187 183 
187 164 183 
189 164 183 
164 221 183 
221 164 183 
164 223 183 
223 164 183 
164 186 187 
164 187 186 
187 164 186 
164 221 223 
164 223 221 
223 164 221 
164 223 234 
165 164 175 
165 164 180 
165 164 182 
165 182 164 
165 164 183 
165 183 164 
165 164 186 
165 186 164 
165 164 187 
165 187 164 
165 188 164 
165 164 221 
165 221 164 
165 164 222 
165 222 164 
165 164 223 
165 223 164 
182 165 164 
184 165 164 
185 165 164 
186 165 164 
187 165 164 
188 165 164 
189 165 164 
209 165 164 
221 165 164 
222 165 164 
223 165 164 
186 182 164 
188 182 164 
222 182 164 
183 164 223 
183 223 164 
184 183 164 
187 183 164 
189 183 164 
221 183 164 
223 183 164 
184 164 187 
184 187 164 
184 188 164 
184 189 164 
184 164 223 
184 223 164 
184 164 234 
189 184 164 
185 164 186 
185 186 164 
185 188 164 
188 185 164 
186 164 187 
186 187 164 
187 186 164 
189 164 234 
221 164 223 
221 223 164 
223 221 164 
223 164 234 
165 167 175 
165 167 235 
165 175 167 
165 221 167 
221 165 167 
165 235 175 
165 231 180 
165 186 182 
186 165 182 
165 188 182 
188 165 182 
201 165 182 
165 222 182 
222 165 182 
165 183 223 
184 165 183 
165 187 183 
187 165 183 
189 165 183 
211 165 183 
165 221 183 
221 165 183 
165 223 183 
223 165 183 
165 186 187 
165 187 186 
187 165 186 
165 187 231 
165 188 235 
165 221 223 
165 223 221 
223 165 221 
186 182 165 
188 182 165 
201 182 165 
222 182 165 
184 165 187 
184 187 165 
184 165 188 
184 188 165 
184 189 165 
184 165 223 
184 223 165 
184 165 235 
189 184 165 
185 165 186 
185 186 165 
185 165 188 
185 188 165 
185 165 235 
188 185 165 
186 165 187 
186 187 165 
187 186 165 
187 165 231 
188 165 235 
221 165 223 
221 223 165 
223 221 165 
166 175 234 
166 176 181 
166 181 176 
166 181 234 
223 166 181 
223 166 234 
167 235 175 
167 177 181 
167 181 177 
221 167 177 
221 167 181 
167 235 181 
221 167 233 
195 176 168 
222 176 168 
195 177 168 
221 177 168 
222 177 168 
183 223 168 
221 183 168 
223 183 168 
221 223 168 
223 221 168 
169 231 229 
218 169 228 
221 223 169 
223 221 169 
186 176 181 
187 176 181 
222 176 181 
176 200 248 
176 201 248 
222 176 202 
186 181 176 
187 181 176 
222 181 176 
186 187 176 
187 186 176 
187 195 176 
195 176 202 
195 202 176 
201 176 248 
222 202 176 
186 177 181 
187 177 181 
221 177 181 
222 177 181 
222 177 202 
221 177 203 
186 181 177 
187 181 177 
221 181 177 
222 181 177 
186 187 177 
187 186 177 
187 195 177 
195 177 202 
195 202 177 
222 202 177 
221 203 177 
231 180 197 
184 187 181 
184 223 181 
184 181 234 
184 235 181 
186 187 181 
187 186 181 
221 223 181 
223 221 181 
223 181 234 
201 220 182 
184 187 183 
184 189 183 
184 183 223 
184 223 183 
189 184 183 
221 183 223 
221 223 183 
223 221 183 
184 188 235 
184 189 233 
184 189 234 
184 223 234 
189 184 233 
189 184 234 
185 188 232 
185 188 235 
188 185 232 
188 185 235 
186 187 194 
186 187 196 
186 187 197 
186 187 229 
186 197 194 
186 197 229 
187 186 194 
187 194 186 
187 186 196 
187 186 197 
187 186 229 
187 197 194 
187 197 229 
187 231 197 
187 231 229 
189 233 225 
194 201 248 
231 197 229 
240 204 248 
212 231 229 
236 265 248 
265 236 248 
240 236 248 
240 248 236 
265 240 236 
265 248 236 
265 240 248 
270 240 248 
270 240 251 
241 240 248 
270 241 240 
270 241 248 
272 243 242 
265 259 261 
260 259 261 
265 260 259 
265 260 261 
272 260 261 
262 261 263 
