55 53 57 54 149 66 8 
55 57 53 54 149 66 8 
52 55 53 149 26 150 157 
52 55 53 149 150 26 157 
52 55 53 150 149 26 157 
52 55 149 53 26 150 157 
52 55 149 53 150 26 157 
52 56 55 150 65 149 26 
52 56 55 149 150 65 26 
52 56 55 150 149 65 26 
56 52 55 150 65 149 26 
56 52 55 149 150 65 26 
56 52 55 150 149 65 26 
53 54 52 149 26 150 157 
53 54 52 149 150 26 157 
53 54 52 150 149 26 157 
53 54 150 52 149 26 157 
54 52 56 55 65 149 26 
54 52 56 55 149 65 26 
54 52 56 55 150 65 26 
54 52 56 55 149 26 150 
54 52 56 55 149 150 26 
54 52 56 55 150 149 26 
54 56 52 55 65 149 26 
54 56 52 55 149 65 26 
54 56 52 55 150 65 26 
54 56 52 55 149 26 150 
54 56 52 55 149 150 26 
54 56 52 55 150 149 26 
54 52 55 150 65 149 26 
54 52 55 149 150 65 26 
54 52 55 150 149 65 26 
54 52 55 149 26 150 157 
54 52 55 149 150 26 157 
54 52 55 150 149 26 157 
54 52 56 150 65 149 26 
54 52 56 149 150 65 26 
54 52 56 150 149 65 26 
54 52 149 56 150 65 26 
54 56 52 150 65 149 26 
54 56 150 52 65 149 26 
54 56 52 149 150 65 26 
54 56 52 150 149 65 26 
54 56 150 52 149 65 26 
55 53 57 54 149 26 150 
55 53 57 54 149 150 26 
55 53 57 54 150 149 26 
55 53 57 54 26 150 156 
55 53 57 54 150 26 156 
55 53 57 54 150 156 26 
55 57 53 54 149 26 150 
55 57 53 54 149 150 26 
55 57 53 54 150 149 26 
55 57 53 54 26 150 156 
55 57 53 54 150 26 156 
55 57 53 54 150 156 26 
55 53 54 149 26 150 157 
55 53 54 149 150 26 157 
55 53 54 150 149 26 157 
54 56 55 150 65 149 26 
54 56 55 149 150 65 26 
54 56 55 150 149 65 26 
27 52 56 58 55 149 150 
27 52 56 58 55 150 149 
27 56 52 58 55 149 150 
27 56 52 58 55 150 149 
27 56 58 52 55 149 150 
27 56 58 52 55 150 149 
27 54 52 56 55 149 150 
27 54 52 56 55 150 149 
27 54 56 52 55 149 150 
27 54 56 52 55 150 149 
27 55 53 57 54 149 150 
27 55 53 57 54 150 149 
27 55 57 53 54 149 150 
27 55 57 53 54 150 149 
27 53 57 59 54 149 150 
27 53 57 59 54 150 149 
27 57 53 59 54 149 150 
27 57 53 59 54 150 149 
27 57 59 53 54 149 150 
27 57 59 53 54 150 149 
53 54 52 149 150 157 62 
53 54 52 150 149 157 62 
53 54 150 52 149 157 62 
54 52 56 55 150 65 149 
54 52 56 55 149 150 65 
54 52 56 55 150 149 65 
54 56 52 55 150 65 149 
54 56 52 55 149 150 65 
54 56 52 55 150 149 65 
55 53 57 54 149 150 66 
55 53 57 54 150 149 66 
55 57 53 54 149 150 66 
55 57 53 54 150 149 66 
53 57 59 54 149 150 62 
53 57 59 54 150 149 62 
53 57 59 54 150 156 62 
53 57 54 149 150 66 62 
53 57 54 150 149 66 62 
57 53 59 54 149 150 62 
57 53 59 54 150 149 62 
57 53 59 54 150 156 62 
57 59 53 54 149 150 62 
57 59 53 54 150 149 62 
57 59 53 54 150 156 62 
57 53 54 149 150 66 62 
57 53 54 150 149 66 62 
53 57 59 150 62 154 155 
53 57 59 150 62 155 154 
53 57 59 150 155 62 154 
53 57 59 150 154 62 155 
53 57 59 150 154 155 62 
53 57 59 150 155 154 62 
53 57 150 59 62 154 155 
53 57 150 59 62 155 154 
53 57 150 59 155 62 154 
53 57 150 59 154 62 155 
53 57 150 59 154 155 62 
53 57 150 59 155 154 62 
53 150 57 59 62 154 155 
53 150 57 59 62 155 154 
53 150 57 59 155 62 154 
53 150 57 59 154 62 155 
53 150 57 59 154 155 62 
53 150 57 59 155 154 62 
53 57 150 66 62 154 155 
53 57 150 66 62 155 154 
53 57 150 66 155 62 154 
53 57 150 66 154 62 155 
53 57 150 66 154 155 62 
53 57 150 66 155 154 62 
53 57 150 154 66 62 155 
53 57 150 154 66 155 62 
53 150 57 66 62 154 155 
53 150 57 66 62 155 154 
53 150 57 66 155 62 154 
53 150 57 66 154 62 155 
53 150 57 66 154 155 62 
53 150 57 66 155 154 62 
53 150 57 154 66 62 155 
53 150 57 154 66 155 62 
55 53 57 150 66 154 155 
55 53 57 150 66 155 154 
55 53 57 150 154 66 155 
55 53 150 57 66 154 155 
55 53 150 57 66 155 154 
55 53 150 57 154 66 155 
55 57 53 150 66 154 155 
55 57 53 150 66 155 154 
55 57 53 150 154 66 155 
57 53 59 150 62 154 155 
57 53 59 150 62 155 154 
57 53 59 150 155 62 154 
57 53 59 150 154 62 155 
57 53 59 150 154 155 62 
57 53 59 150 155 154 62 
57 53 150 59 62 154 155 
57 53 150 59 62 155 154 
57 53 150 59 155 62 154 
57 53 150 59 154 62 155 
57 53 150 59 154 155 62 
57 53 150 59 155 154 62 
57 59 53 150 62 154 155 
57 59 53 150 62 155 154 
57 59 53 150 155 62 154 
57 59 53 150 154 62 155 
57 59 53 150 154 155 62 
57 59 53 150 155 154 62 
57 53 150 66 62 154 155 
57 53 150 66 62 155 154 
57 53 150 66 155 62 154 
57 53 150 66 154 62 155 
57 53 150 66 154 155 62 
57 53 150 66 155 154 62 
57 53 150 154 66 62 155 
57 53 150 154 66 155 62 
54 55 150 65 149 66 172 
54 55 149 150 65 66 172 
54 55 150 149 65 66 172 
55 54 150 65 149 66 172 
55 54 149 150 65 66 172 
55 54 150 149 65 66 172 
55 150 65 66 172 154 155 
55 150 65 66 172 155 154 
