58 1 196 3 
55 53 13 1 
53 13 111 1 
58 55 13 1 
55 13 111 1 
55 176 13 1 
55 13 1 196 
58 13 111 1 
58 13 1 196 
55 53 54 1 
53 54 66 1 
53 54 111 1 
53 54 1 156 
55 53 66 1 
55 53 111 1 
55 53 1 156 
54 55 66 1 
54 55 111 1 
54 55 1 156 
54 55 176 1 
55 54 66 1 
55 54 111 1 
55 54 1 156 
55 54 176 1 
58 55 66 1 
58 55 111 1 
58 55 1 196 
55 2 43 197 
55 2 197 43 
54 55 65 2 
54 55 2 177 
54 55 177 2 
54 65 2 177 
54 65 177 2 
55 54 65 2 
55 54 2 177 
55 54 177 2 
55 65 2 177 
55 65 177 2 
55 65 2 197 
52 53 3 4 
53 52 3 4 
52 3 4 80 
52 3 4 110 
52 3 110 4 
52 110 3 4 
53 3 4 110 
53 3 110 4 
53 110 3 4 
173 53 3 4 
52 53 3 110 
52 53 110 3 
52 58 196 3 
53 52 3 110 
53 52 110 3 
58 52 196 3 
116 81 228 3 
116 228 81 3 
186 116 3 122 
186 116 122 3 
164 186 182 3 
186 164 182 3 
186 182 164 3 
4 53 110 111 
4 53 111 110 
57 59 4 53 
57 4 53 110 
57 4 53 111 
59 4 53 111 
59 173 4 53 
52 4 53 110 
52 4 53 111 
52 53 4 110 
52 53 110 4 
52 53 4 111 
52 53 111 4 
52 4 110 111 
52 4 111 110 
52 111 4 110 
52 110 4 111 
52 110 111 4 
52 111 110 4 
53 52 4 110 
53 52 110 4 
53 52 4 111 
53 52 111 4 
53 57 59 4 
53 57 66 4 
53 57 4 110 
53 57 110 4 
53 57 4 111 
53 57 111 4 
53 59 4 111 
53 59 111 4 
53 59 197 4 
53 4 110 111 
53 4 111 110 
53 111 4 110 
53 110 4 111 
53 110 111 4 
53 111 110 4 
57 53 59 4 
57 59 53 4 
57 53 66 4 
57 53 4 110 
57 53 110 4 
57 53 4 111 
57 53 111 4 
59 53 4 111 
59 53 111 4 
59 173 53 4 
59 53 197 4 
57 59 4 111 
57 59 111 4 
57 4 110 111 
57 4 111 110 
57 111 4 110 
57 110 4 111 
57 110 111 4 
57 111 110 4 
164 5 19 73 
164 180 5 42 
164 19 5 73 
164 19 180 5 
164 50 180 5 
6 18 38 72 
165 6 18 38 
20 6 18 72 
20 6 72 18 
165 20 6 18 
165 6 157 43 
165 157 6 43 
180 6 74 63 
220 6 74 63 
180 74 6 63 
220 74 6 63 
180 6 74 72 
180 74 6 72 
165 180 6 74 
18 6 38 72 
165 18 6 38 
165 18 51 6 
20 18 6 72 
165 20 18 6 
20 6 74 72 
20 74 6 72 
20 180 6 72 
165 20 6 74 
20 180 6 74 
220 20 6 74 
165 20 74 6 
20 180 74 6 
220 20 74 6 
20 180 174 6 
165 20 6 175 
165 20 180 6 
165 157 43 6 
165 51 6 175 
165 51 231 6 
165 231 51 6 
165 180 74 6 
165 231 180 6 
53 54 7 52 
54 56 7 52 
54 7 52 208 
178 132 7 83 
54 52 42 7 
52 56 42 7 
56 52 42 7 
54 56 42 7 
57 54 42 7 
56 57 42 7 
57 56 42 7 
52 56 65 7 
53 54 52 7 
54 52 56 7 
54 56 52 7 
54 52 65 7 
54 52 7 208 
56 52 65 7 
53 57 54 7 
57 53 54 7 
53 54 66 7 
53 57 66 7 
57 53 66 7 
57 54 56 7 
54 56 65 7 
54 65 66 7 
57 54 66 7 
13 39 8 12 
13 8 12 76 
13 8 76 12 
13 76 8 12 
76 39 8 12 
12 76 39 8 
76 12 39 8 
13 12 39 8 
13 39 12 8 
13 12 43 8 
13 12 8 76 
13 12 76 8 
13 76 12 8 
76 39 12 8 
13 76 39 8 
53 13 43 8 
55 13 43 8 
55 53 13 8 
55 53 43 8 
53 57 43 8 
57 53 43 8 
56 55 43 8 
55 57 43 8 
56 57 43 8 
57 56 43 8 
55 53 54 8 
53 57 54 8 
57 53 54 8 
53 54 66 8 
53 54 149 8 
53 57 66 8 
53 57 149 8 
53 149 66 8 
149 53 66 8 
55 53 57 8 
55 57 53 8 
55 53 66 8 
55 53 149 8 
55 149 53 8 
57 53 66 8 
57 53 149 8 
57 149 53 8 
54 56 55 8 
54 55 66 8 
54 55 149 8 
57 54 56 8 
54 56 149 8 
54 149 56 8 
54 66 8 64 
54 66 64 8 
54 149 66 8 
55 57 54 8 
55 54 66 8 
55 54 149 8 
57 54 8 64 
57 54 64 8 
57 54 66 8 
57 54 149 8 
55 57 66 8 
55 57 149 8 
55 149 66 8 
56 55 57 8 
56 55 149 8 
56 57 149 8 
57 56 149 8 
57 149 56 8 
57 66 8 64 
57 66 64 8 
57 149 66 8 
18 10 39 72 
18 10 72 39 
18 39 10 72 
11 48 40 14 
48 11 40 14 
48 40 11 14 
11 48 158 14 
48 11 158 14 
11 48 42 112 
48 11 42 112 
11 48 112 158 
48 40 14 11 
48 11 112 158 
48 112 11 158 
12 75 76 39 
12 75 76 45 
13 12 75 39 
13 12 76 39 
13 76 12 39 
13 76 39 12 
13 12 75 76 
13 19 73 113 
164 13 19 73 
177 13 20 113 
13 75 76 38 
13 75 76 39 
55 53 13 43 
13 195 108 109 
13 195 109 108 
53 13 110 111 
53 13 111 110 
53 13 110 207 
55 53 13 110 
55 53 13 111 
55 13 110 111 
55 13 111 110 
55 166 176 13 
58 55 13 111 
58 55 13 166 
58 55 166 13 
58 55 13 196 
176 200 13 248 
176 200 248 13 
176 13 201 248 
55 61 63 14 
55 61 65 14 
55 65 61 14 
55 65 63 14 
56 55 57 14 
56 55 63 14 
56 55 65 14 
56 65 63 14 
60 64 61 14 
64 60 61 14 
158 60 61 14 
158 60 64 14 
64 61 60 14 
158 61 60 14 
158 64 60 14 
64 61 63 14 
61 65 63 14 
65 61 63 14 
64 61 65 14 
64 65 61 14 
65 64 61 14 
158 64 61 14 
65 63 64 14 
64 65 63 14 
65 64 63 14 
113 47 112 15 
60 113 61 15 
60 112 66 15 
112 60 66 15 
60 66 172 15 
60 112 113 15 
60 113 112 15 
60 113 172 15 
60 172 113 15 
112 66 60 15 
66 60 172 15 
112 60 113 15 
165 167 18 51 
19 73 112 113 
19 73 113 112 
164 19 107 180 
164 19 180 107 
164 107 19 180 
20 180 74 72 
165 20 180 74 
165 107 20 180 
57 149 150 22 
57 150 149 22 
150 57 149 22 
58 149 150 22 
58 150 149 22 
149 58 150 22 
149 26 107 150 
165 164 26 107 
164 26 107 180 
164 26 180 107 
165 26 107 180 
165 26 180 107 
52 55 53 26 
52 53 149 26 
52 149 53 26 
52 53 26 150 
52 53 150 26 
52 53 26 156 
52 53 156 26 
52 53 26 157 
52 56 55 26 
56 52 55 26 
52 55 65 26 
52 55 149 26 
52 55 26 150 
52 55 150 26 
52 55 26 156 
52 55 156 26 
52 55 26 157 
52 56 65 26 
52 56 149 26 
52 149 56 26 
52 56 26 150 
52 56 150 26 
52 65 149 26 
52 149 65 26 
52 150 65 26 
150 52 65 26 
52 149 26 107 
52 26 107 150 
52 107 149 26 
52 149 107 26 
52 107 26 150 
52 107 150 26 
52 149 26 150 
52 149 150 26 
52 150 149 26 
150 52 149 26 
52 149 26 157 
52 26 150 156 
52 26 150 157 
52 150 26 156 
52 150 156 26 
52 150 26 157 
53 54 52 26 
53 52 149 26 
53 52 26 150 
53 52 150 26 
53 150 52 26 
53 52 26 156 
53 52 156 26 
53 52 26 157 
54 52 55 26 
54 52 56 26 
54 56 52 26 
54 52 65 26 
54 52 26 107 
54 52 107 26 
54 52 149 26 
54 52 26 150 
54 52 150 26 
54 150 52 26 
54 52 26 156 
54 52 156 26 
54 52 26 157 
56 52 65 26 
56 52 149 26 
56 52 26 150 
56 52 150 26 
56 150 52 26 
150 52 26 156 
150 52 156 26 
150 52 26 157 
55 53 54 26 
53 57 54 26 
57 53 54 26 
53 54 149 26 
53 54 26 150 
53 54 150 26 
53 54 26 156 
53 54 156 26 
53 54 26 157 
53 57 149 26 
53 57 26 150 
53 57 150 26 
53 150 57 26 
53 57 26 156 
53 57 156 26 
53 149 26 150 
53 149 150 26 
53 150 149 26 
53 149 26 157 
53 26 150 156 
53 26 150 157 
53 150 26 156 
53 150 156 26 
53 150 26 157 
55 53 57 26 
55 57 53 26 
55 53 149 26 
55 149 53 26 
55 53 26 150 
55 53 150 26 
55 53 26 156 
55 53 156 26 
55 53 26 157 
57 53 149 26 
57 149 53 26 
57 53 26 150 
57 53 150 26 
57 53 26 156 
57 53 156 26 
149 53 26 150 
149 53 150 26 
149 53 26 157 
54 56 55 26 
54 55 65 26 
54 55 149 26 
54 55 26 150 
54 55 150 26 
54 55 26 156 
54 55 156 26 
54 55 26 157 
57 54 56 26 
54 56 65 26 
54 56 149 26 
54 149 56 26 
54 56 26 150 
54 56 150 26 
54 65 26 64 
54 26 64 156 
54 26 156 64 
54 156 26 64 
54 65 149 26 
54 149 65 26 
54 150 65 26 
54 149 26 107 
54 26 107 150 
54 107 149 26 
54 149 107 26 
54 107 26 150 
54 107 150 26 
54 149 26 150 
54 149 150 26 
54 150 149 26 
54 149 26 157 
54 26 150 156 
54 26 150 157 
54 150 26 156 
54 150 156 26 
54 150 26 157 
55 57 54 26 
55 54 65 26 
55 54 149 26 
55 54 26 150 
55 54 150 26 
55 54 26 156 
55 54 156 26 
55 54 26 157 
57 54 26 64 
57 54 149 26 
57 54 26 150 
57 54 150 26 
57 54 26 156 
57 54 156 26 
55 57 149 26 
55 57 26 150 
55 57 150 26 
55 150 57 26 
55 57 26 156 
55 57 156 26 
55 65 149 26 
55 149 65 26 
55 150 65 26 
55 149 26 150 
55 149 150 26 
55 150 149 26 
55 149 26 157 
55 26 150 156 
55 26 150 157 
55 150 26 156 
55 150 156 26 
55 150 26 157 
56 55 57 26 
56 55 65 26 
56 55 149 26 
56 55 26 150 
56 55 150 26 
56 57 149 26 
56 57 26 150 
56 57 150 26 
56 150 57 26 
56 65 149 26 
56 149 65 26 
149 56 65 26 
56 150 65 26 
56 149 26 150 
56 149 150 26 
56 150 149 26 
57 56 149 26 
57 149 56 26 
57 56 26 150 
57 56 150 26 
149 56 26 150 
149 56 150 26 
57 26 64 156 
57 26 156 64 
57 156 26 64 
57 149 26 150 
57 149 150 26 
57 150 149 26 
150 57 149 26 
57 26 150 156 
57 150 26 156 
57 150 156 26 
150 57 26 156 
150 57 156 26 
150 65 149 26 
149 150 65 26 
150 149 65 26 
164 78 26 180 
107 149 26 150 
107 149 150 26 
107 150 149 26 
149 107 26 150 
149 107 150 26 
165 164 107 26 
164 107 26 180 
165 107 26 180 
149 26 150 157 
149 150 26 157 
150 149 26 157 
164 230 26 180 
165 164 26 180 
27 52 55 53 
85 27 52 53 
27 52 53 149 
27 52 149 53 
27 52 53 150 
27 52 56 55 
27 56 52 55 
27 52 58 55 
27 58 52 55 
27 52 55 149 
27 52 55 150 
27 52 56 58 
85 27 52 56 
27 52 56 149 
27 52 149 56 
27 52 56 150 
85 27 52 58 
27 52 58 149 
27 52 149 58 
27 52 58 150 
27 52 149 150 
27 52 150 149 
27 150 52 149 
27 53 54 52 
85 27 53 52 
27 53 52 149 
27 53 52 150 
27 53 150 52 
27 54 52 55 
27 54 52 56 
27 54 56 52 
27 54 52 149 
27 54 52 150 
27 54 150 52 
27 56 52 58 
27 56 58 52 
85 27 56 52 
27 56 52 149 
27 56 52 150 
27 56 150 52 
85 27 58 52 
27 58 52 149 
27 58 52 150 
27 58 150 52 
27 55 53 54 
27 53 57 54 
27 57 53 54 
27 53 59 54 
27 59 53 54 
27 53 54 149 
27 53 54 150 
27 53 57 59 
85 27 53 57 
27 53 57 149 
27 53 57 150 
27 53 150 57 
85 27 53 59 
27 53 59 149 
27 53 59 150 
27 53 150 59 
27 53 149 150 
27 53 150 149 
27 55 53 57 
27 55 57 53 
27 55 53 149 
27 55 149 53 
27 55 53 150 
27 57 53 59 
27 57 59 53 
85 27 57 53 
27 57 53 149 
27 57 149 53 
27 57 53 150 
85 27 59 53 
27 59 53 149 
27 59 149 53 
27 59 53 150 
27 149 53 150 
27 54 56 55 
27 69 54 55 
27 54 55 149 
27 54 55 150 
27 57 54 56 
27 54 56 149 
27 54 149 56 
27 54 56 150 
27 54 149 150 
27 54 150 149 
27 55 57 54 
27 69 55 54 
27 55 54 149 
27 55 54 150 
27 57 59 54 
27 57 54 149 
27 57 54 150 
27 59 69 54 
27 59 54 149 
27 59 54 150 
27 69 54 149 
27 69 54 150 
27 55 57 149 
27 55 57 150 
27 55 150 57 
27 55 149 150 
27 55 150 149 
27 56 55 57 
27 56 58 55 
27 56 55 149 
27 56 55 150 
27 58 55 149 
27 58 55 150 
27 69 55 149 
27 69 55 150 
85 27 56 57 
27 56 57 149 
27 56 57 150 
27 56 150 57 
85 27 56 58 
27 56 58 149 
27 56 149 58 
27 149 56 58 
27 56 58 150 
27 56 149 150 
27 56 150 149 
85 27 57 56 
27 57 56 149 
27 57 149 56 
27 57 56 150 
27 149 56 150 
85 27 57 59 
27 57 59 149 
27 57 59 150 
27 57 150 59 
27 150 57 59 
27 57 149 150 
27 57 150 149 
27 150 57 149 
27 58 149 150 
27 58 150 149 
27 149 58 150 
27 59 69 149 
27 59 69 150 
27 59 149 150 
27 59 150 149 
27 150 59 149 
27 69 149 150 
27 69 150 149 
28 52 55 53 
91 28 52 53 
28 52 56 55 
28 56 52 55 
28 53 54 52 
91 28 53 52 
28 54 52 55 
28 54 52 56 
28 54 56 52 
28 55 53 54 
28 53 57 54 
28 57 53 54 
28 55 53 57 
28 55 57 53 
28 54 56 55 
28 57 54 56 
28 55 57 54 
28 56 55 57 
87 29 52 53 
92 29 52 53 
93 29 52 53 
29 239 52 53 
87 29 52 56 
92 29 52 56 
93 29 52 56 
87 29 53 52 
92 29 53 52 
93 29 53 52 
29 239 53 52 
87 29 56 52 
92 29 56 52 
93 29 56 52 
93 92 29 52 
92 29 239 52 
93 29 239 52 
87 29 53 57 
92 29 53 57 
93 29 53 57 
87 29 57 53 
92 29 57 53 
93 29 57 53 
93 92 29 53 
92 29 239 53 
93 29 239 53 
87 29 56 57 
92 29 56 57 
93 29 56 57 
87 29 57 56 
92 29 57 56 
93 29 57 56 
93 92 29 56 
93 92 29 57 
93 92 29 239 
267 93 92 29 
86 30 52 53 
30 52 53 149 
30 52 149 53 
30 52 53 150 
86 30 52 58 
30 52 58 149 
30 52 149 58 
30 52 58 150 
30 52 149 150 
30 52 150 149 
30 150 52 149 
86 30 53 52 
30 53 52 149 
30 53 52 150 
30 53 150 52 
86 30 58 52 
30 58 52 149 
30 58 52 150 
30 58 150 52 
86 30 52 149 
86 30 52 150 
86 30 150 52 
86 30 53 59 
30 53 59 149 
30 53 59 150 
30 53 150 59 
30 53 149 150 
30 53 150 149 
86 30 59 53 
30 59 53 149 
30 59 149 53 
30 59 53 150 
86 30 53 149 
86 30 149 53 
86 30 53 150 
30 149 53 150 
30 58 149 150 
30 58 150 149 
86 30 58 149 
86 30 149 58 
86 30 58 150 
270 86 30 58 
30 149 58 150 
30 59 149 150 
30 59 150 149 
30 150 59 149 
86 30 59 149 
86 30 59 150 
86 30 150 59 
270 86 30 59 
86 30 149 150 
86 30 150 149 
31 52 55 53 
87 31 52 53 
31 52 58 55 
31 58 52 55 
87 31 52 58 
31 53 54 52 
87 31 53 52 
31 54 52 55 
87 31 58 52 
31 55 53 54 
31 53 59 54 
31 59 53 54 
87 31 53 59 
87 31 59 53 
31 271 54 55 
271 31 54 55 
31 271 55 54 
271 31 55 54 
31 271 59 54 
271 31 59 54 
31 271 58 55 
271 31 58 55 
271 87 31 58 
271 87 31 59 
32 52 55 53 
32 96 52 53 
32 52 56 55 
32 56 52 55 
32 53 54 52 
32 96 53 52 
32 54 52 55 
32 54 52 56 
32 54 56 52 
32 55 53 54 
32 53 57 54 
32 57 53 54 
32 55 53 57 
32 55 57 53 
32 54 56 55 
271 32 54 55 
32 57 54 56 
32 55 57 54 
271 32 55 54 
32 56 55 57 
33 52 55 53 
88 33 52 53 
33 52 56 55 
33 56 52 55 
88 33 52 56 
33 53 54 52 
88 33 53 52 
33 54 52 55 
33 54 52 56 
33 54 56 52 
88 33 56 52 
33 55 53 54 
33 53 57 54 
33 57 53 54 
88 33 53 57 
33 55 53 57 
33 55 57 53 
88 33 57 53 
33 54 56 55 
33 57 54 56 
33 55 57 54 
33 56 55 57 
33 56 112 55 
88 33 56 57 
33 97 56 57 
33 56 112 113 
33 56 113 112 
88 33 57 56 
33 97 57 56 
34 52 55 53 
89 34 52 53 
89 34 52 55 
34 53 54 52 
89 34 53 52 
34 54 52 55 
89 34 54 52 
34 55 53 54 
89 34 53 54 
89 34 55 53 
89 34 54 55 
89 34 55 54 
75 76 38 44 
75 76 38 45 
75 76 39 44 
54 52 56 42 
54 56 52 42 
54 52 176 42 
57 54 56 42 
56 42 112 113 
56 42 113 112 
53 57 59 43 
53 59 43 197 
53 59 197 43 
55 53 57 43 
55 57 53 43 
55 53 157 43 
55 53 43 197 
55 53 197 43 
57 53 59 43 
57 59 53 43 
59 53 43 197 
59 53 197 43 
55 157 43 172 
56 55 57 43 
56 55 43 197 
56 55 197 43 
56 113 43 112 
56 197 113 43 
164 50 166 78 
164 166 50 78 
164 50 78 180 
164 50 107 180 
164 50 180 107 
52 58 50 78 
52 58 50 107 
52 58 50 166 
52 58 166 50 
52 50 166 78 
52 166 50 78 
58 52 50 78 
58 52 50 107 
58 52 50 166 
58 52 166 50 
58 50 166 78 
58 166 50 78 
164 50 230 180 
165 167 51 175 
92 52 53 62 
52 53 62 148 
52 53 149 62 
52 149 53 62 
52 53 150 62 
52 53 156 62 
52 53 157 62 
238 52 53 62 
52 53 109 156 
52 53 109 157 
52 53 110 111 
52 53 111 110 
52 53 110 150 
52 53 110 207 
52 53 149 111 
52 149 53 111 
52 53 140 126 
52 53 126 148 
52 53 126 150 
52 53 148 127 
52 53 127 149 
52 53 150 127 
52 53 140 141 
52 53 141 140 
52 53 149 140 
52 149 53 140 
239 52 53 140 
52 53 149 141 
52 149 53 141 
52 53 150 141 
239 52 53 141 
52 53 149 150 
52 53 150 149 
52 53 149 157 
52 53 150 156 
52 53 150 157 
52 53 169 207 
89 52 55 53 
52 55 53 110 
52 55 53 111 
52 55 53 149 
52 55 149 53 
52 55 53 150 
52 55 53 156 
52 55 53 157 
237 52 55 53 
242 52 55 53 
86 52 53 149 
86 52 149 53 
86 52 53 150 
88 87 52 53 
89 88 52 53 
90 89 52 53 
91 90 52 53 
92 91 52 53 
93 92 52 53 
92 239 52 53 
93 239 52 53 
96 52 53 149 
96 52 149 53 
96 52 53 150 
98 52 53 149 
98 52 149 53 
98 52 53 150 
52 127 53 149 
52 127 149 53 
52 149 53 150 
52 149 53 157 
240 204 52 53 
238 237 52 53 
238 239 52 53 
239 238 52 53 
239 269 52 53 
269 239 52 53 
241 240 52 53 
242 241 52 53 
243 242 52 53 
244 243 52 53 
52 55 65 149 
52 55 149 65 
52 55 150 65 
52 55 65 177 
52 55 110 111 
52 55 111 110 
52 55 110 150 
52 55 149 111 
52 55 149 150 
52 55 150 149 
52 55 149 157 
52 55 150 156 
52 55 150 157 
52 55 177 157 
52 55 166 176 
52 56 58 55 
52 56 55 65 
89 52 56 55 
52 56 55 110 
52 56 55 111 
52 56 55 149 
52 56 55 150 
56 52 58 55 
56 58 52 55 
56 52 55 65 
89 56 52 55 
56 52 55 110 
56 52 55 111 
56 52 55 149 
56 52 55 150 
52 58 55 111 
52 58 55 149 
52 58 55 150 
52 58 55 157 
52 58 55 166 
52 58 55 196 
242 52 58 55 
58 52 55 111 
58 52 55 149 
58 52 55 150 
58 52 55 157 
58 52 55 166 
58 52 55 196 
242 58 52 55 
85 52 56 58 
86 52 56 58 
87 52 56 58 
88 52 56 58 
52 56 58 111 
52 56 58 149 
52 56 149 58 
52 149 56 58 
52 56 58 150 
204 52 56 58 
240 52 56 58 
241 52 56 58 
244 52 56 58 
92 52 56 62 
52 56 149 62 
52 149 56 62 
52 56 150 62 
238 52 56 62 
52 56 65 126 
52 56 65 149 
52 56 149 65 
52 149 56 65 
52 56 150 65 
52 56 110 111 
52 56 111 110 
52 56 110 150 
52 56 149 111 
52 149 56 111 
52 56 140 126 
52 56 126 150 
52 56 162 126 
52 148 56 127 
52 56 127 149 
52 56 150 127 
52 56 162 127 
52 56 140 141 
52 56 141 140 
52 56 149 140 
52 149 56 140 
52 56 149 141 
52 149 56 141 
52 56 150 141 
52 56 150 145 
52 56 149 150 
52 56 150 149 
52 56 149 162 
52 56 162 149 
86 52 56 149 
86 52 149 56 
86 52 56 150 
88 87 52 56 
89 88 52 56 
93 92 52 56 
52 126 148 56 
52 126 56 150 
126 52 148 56 
126 52 56 150 
52 149 56 150 
52 149 56 162 
240 204 52 56 
241 240 52 56 
244 243 52 56 
52 58 166 78 
52 58 107 111 
52 58 107 149 
52 58 149 107 
52 149 58 107 
52 58 107 150 
52 58 149 111 
52 149 58 111 
52 58 149 150 
52 58 150 149 
52 58 149 157 
52 58 150 157 
86 52 58 149 
86 52 149 58 
86 52 58 150 
88 87 52 58 
96 52 58 107 
96 52 58 149 
96 52 149 58 
96 52 58 150 
52 149 58 150 
52 149 58 157 
240 204 52 58 
241 240 52 58 
242 241 52 58 
52 149 150 62 
52 150 149 62 
150 52 149 62 
52 149 157 62 
52 150 156 62 
52 150 157 62 
150 52 156 62 
150 52 157 62 
52 65 149 80 
52 149 65 80 
52 150 65 80 
150 52 65 80 
52 150 65 149 
150 52 65 149 
52 149 150 65 
52 150 149 65 
150 52 149 65 
52 149 150 80 
52 150 149 80 
150 52 149 80 
52 107 110 111 
52 107 111 110 
52 107 110 150 
52 107 149 111 
52 149 107 111 
52 107 149 142 
52 149 107 142 
239 52 107 142 
52 107 150 145 
52 107 149 150 
52 107 150 149 
52 107 150 151 
52 149 107 150 
52 177 202 107 
52 202 177 107 
52 202 218 107 
52 150 127 149 
150 52 127 149 
52 162 127 149 
52 149 140 141 
239 52 140 141 
52 149 141 140 
239 52 141 140 
52 149 150 141 
52 150 149 141 
150 52 149 141 
150 239 52 141 
52 149 150 157 
52 150 149 157 
150 52 149 157 
53 54 52 62 
89 53 54 52 
53 54 52 109 
53 54 52 110 
53 54 52 111 
53 54 52 149 
53 54 52 150 
53 54 150 52 
53 54 52 156 
53 54 52 157 
237 53 54 52 
242 53 54 52 
92 53 52 62 
53 52 62 148 
53 52 149 62 
53 52 150 62 
53 150 52 62 
53 52 156 62 
53 52 157 62 
238 53 52 62 
53 52 109 156 
53 52 109 157 
53 52 110 111 
53 52 111 110 
53 52 110 150 
53 52 110 207 
53 52 149 111 
53 52 140 126 
53 52 126 148 
53 52 126 150 
53 126 52 148 
53 126 52 150 
53 126 150 52 
53 52 148 127 
53 52 127 149 
53 52 150 127 
53 150 52 127 
53 52 140 141 
53 52 141 140 
53 52 149 140 
239 53 52 140 
53 52 149 141 
53 52 150 141 
53 150 52 141 
239 53 52 141 
53 52 149 150 
53 52 150 149 
53 150 52 149 
53 52 149 157 
53 52 150 156 
53 52 150 157 
53 150 52 156 
53 150 52 157 
53 52 169 207 
86 53 52 149 
86 53 52 150 
86 53 150 52 
88 87 53 52 
89 88 53 52 
90 89 53 52 
91 90 53 52 
92 91 53 52 
93 92 53 52 
92 239 53 52 
93 239 53 52 
96 53 52 149 
96 53 52 150 
96 53 150 52 
98 53 52 149 
98 53 52 150 
98 53 150 52 
240 204 53 52 
238 237 53 52 
238 239 53 52 
239 238 53 52 
239 269 53 52 
269 239 53 52 
241 240 53 52 
242 241 53 52 
243 242 53 52 
244 243 53 52 
54 52 56 55 
54 56 52 55 
54 52 55 65 
89 54 52 55 
54 52 55 110 
54 52 55 111 
54 52 55 149 
54 52 55 150 
54 52 55 156 
54 52 55 157 
54 52 55 176 
54 52 55 177 
54 52 55 208 
237 54 52 55 
242 54 52 55 
54 52 56 62 
54 52 56 65 
89 54 52 56 
54 52 109 56 
54 52 56 110 
54 52 56 111 
54 52 56 149 
54 52 149 56 
54 52 56 150 
54 56 52 62 
54 56 52 65 
89 54 56 52 
54 56 52 110 
54 56 52 111 
54 56 52 149 
54 56 52 150 
54 56 150 52 
54 52 149 62 
54 52 150 62 
54 150 52 62 
54 52 156 62 
54 52 157 62 
54 52 65 149 
54 52 149 65 
54 52 150 65 
54 150 52 65 
54 52 65 177 
54 52 107 110 
54 52 107 111 
54 52 107 149 
54 52 149 107 
54 52 107 150 
54 52 177 107 
54 52 107 208 
54 52 109 156 
54 52 109 157 
54 52 110 111 
54 52 111 110 
54 52 110 150 
54 52 149 111 
54 52 149 150 
54 52 150 149 
54 150 52 149 
54 52 149 157 
54 52 150 156 
54 52 150 157 
54 150 52 156 
54 150 52 157 
54 52 177 157 
85 56 52 58 
86 56 52 58 
87 56 52 58 
88 56 52 58 
56 52 58 111 
56 52 58 149 
56 52 149 58 
56 52 58 150 
204 56 52 58 
240 56 52 58 
241 56 52 58 
244 56 52 58 
85 56 58 52 
86 56 58 52 
87 56 58 52 
88 56 58 52 
56 58 52 111 
56 58 52 149 
56 58 52 150 
56 58 150 52 
204 56 58 52 
240 56 58 52 
241 56 58 52 
244 56 58 52 
92 56 52 62 
56 52 149 62 
56 52 150 62 
56 150 52 62 
238 56 52 62 
56 52 65 126 
56 52 65 149 
56 52 149 65 
56 52 150 65 
56 150 52 65 
56 52 110 111 
56 52 111 110 
56 52 110 150 
56 52 149 111 
56 52 140 126 
56 52 126 150 
56 52 162 126 
56 126 52 150 
56 126 150 52 
56 52 127 149 
56 52 150 127 
56 150 52 127 
56 52 162 127 
56 52 140 141 
56 52 141 140 
56 52 149 140 
56 52 149 141 
56 52 150 141 
56 150 52 141 
56 52 150 145 
56 150 52 145 
56 52 149 150 
56 52 150 149 
56 150 52 149 
56 52 149 162 
56 52 162 149 
86 56 52 149 
86 56 52 150 
86 56 150 52 
88 87 56 52 
89 88 56 52 
93 92 56 52 
126 56 52 150 
126 56 150 52 
240 204 56 52 
241 240 56 52 
244 243 56 52 
58 52 166 78 
58 52 107 111 
58 52 107 149 
58 52 149 107 
58 52 107 150 
58 52 149 111 
58 52 149 150 
58 52 150 149 
58 150 52 149 
58 52 149 157 
58 52 150 157 
58 150 52 157 
86 58 52 149 
86 58 52 150 
86 58 150 52 
88 87 58 52 
96 58 52 107 
96 58 52 149 
96 58 52 150 
96 58 150 52 
240 204 58 52 
241 240 58 52 
242 241 58 52 
86 52 149 150 
86 52 150 149 
86 150 52 149 
93 92 239 52 
96 52 107 149 
96 52 149 107 
96 52 107 150 
96 52 149 150 
96 52 150 149 
96 150 52 149 
98 52 107 149 
98 52 149 107 
98 52 107 150 
98 52 149 150 
98 52 150 149 
98 150 52 149 
126 239 52 142 
126 150 239 52 
53 54 66 62 
53 54 149 62 
53 54 150 62 
53 54 156 62 
53 54 157 62 
53 54 149 66 
53 54 150 66 
53 54 109 156 
53 54 109 157 
53 54 110 111 
53 54 111 110 
53 54 110 150 
53 54 149 111 
53 54 149 150 
53 54 150 149 
53 54 149 157 
53 54 150 156 
53 54 150 157 
55 53 57 54 
55 57 53 54 
55 53 54 66 
89 55 53 54 
55 53 54 110 
55 53 54 111 
55 53 54 149 
55 53 54 150 
55 53 54 156 
55 53 54 157 
237 55 53 54 
242 55 53 54 
53 57 59 54 
53 57 54 62 
53 57 54 66 
89 53 57 54 
53 57 54 110 
53 57 54 111 
53 57 54 149 
53 57 54 150 
53 57 54 156 
57 53 59 54 
57 59 53 54 
57 53 54 62 
57 53 54 66 
89 57 53 54 
57 53 54 110 
57 53 54 111 
57 53 54 149 
57 53 54 150 
57 53 54 156 
53 59 54 62 
53 59 54 111 
53 59 54 149 
53 59 54 150 
53 59 54 156 
242 53 59 54 
59 53 54 62 
59 53 54 111 
59 53 54 149 
59 53 54 150 
59 53 54 156 
242 59 53 54 
53 57 59 62 
85 53 57 59 
86 53 57 59 
87 53 57 59 
88 53 57 59 
53 57 59 111 
53 57 59 149 
53 57 59 150 
53 57 150 59 
53 150 57 59 
53 57 59 154 
53 57 59 155 
53 57 59 156 
204 53 57 59 
240 53 57 59 
241 53 57 59 
244 53 57 59 
53 57 66 62 
92 53 57 62 
53 57 62 148 
53 57 149 62 
53 57 150 62 
53 150 57 62 
53 57 62 154 
53 57 154 62 
53 57 62 155 
53 57 155 62 
53 57 156 62 
238 53 57 62 
53 57 66 127 
53 57 149 66 
53 57 150 66 
53 150 57 66 
53 57 66 154 
53 57 154 66 
53 57 66 155 
53 57 110 111 
53 57 111 110 
53 57 110 150 
53 57 149 111 
53 57 126 148 
53 57 126 150 
53 57 154 126 
53 57 148 127 
53 148 57 127 
53 57 127 149 
53 57 150 127 
53 150 57 127 
53 57 149 141 
53 57 150 141 
53 150 57 141 
53 57 148 154 
53 57 148 155 
53 57 155 148 
53 57 149 150 
53 57 150 149 
53 150 57 149 
53 57 150 154 
53 57 150 155 
53 57 150 156 
53 57 150 163 
53 57 163 150 
53 57 154 155 
53 57 155 154 
53 57 163 155 
86 53 57 149 
86 53 57 150 
86 53 150 57 
88 87 53 57 
89 88 53 57 
93 92 53 57 
53 109 57 156 
53 148 127 57 
53 127 57 149 
53 150 127 57 
127 53 57 149 
53 148 57 154 
53 148 57 155 
53 150 57 154 
53 150 57 155 
53 150 57 156 
53 150 57 163 
240 204 53 57 
241 240 53 57 
244 243 53 57 
53 59 149 62 
53 59 150 62 
53 150 59 62 
53 59 62 154 
53 59 154 62 
53 59 62 155 
53 59 155 62 
53 59 156 62 
53 59 149 111 
53 59 149 150 
53 59 150 149 
53 150 59 149 
53 59 150 154 
53 59 150 155 
53 59 150 156 
53 59 154 155 
53 59 155 154 
86 53 59 149 
86 53 59 150 
86 53 150 59 
88 87 53 59 
96 53 59 149 
96 53 59 150 
96 53 150 59 
53 150 59 154 
53 150 59 155 
53 150 59 156 
240 204 53 59 
241 240 53 59 
242 241 53 59 
53 62 148 154 
53 62 148 155 
53 62 155 148 
53 155 62 148 
53 62 154 155 
53 62 155 154 
53 155 62 154 
53 149 66 62 
149 53 66 62 
53 150 66 62 
53 66 62 154 
53 66 154 62 
53 154 66 62 
53 66 62 155 
53 66 155 62 
53 149 150 62 
53 150 149 62 
53 149 157 62 
149 53 150 62 
149 53 157 62 
53 150 62 154 
53 150 154 62 
53 150 62 155 
53 150 155 62 
53 150 156 62 
53 150 157 62 
53 154 62 155 
53 154 155 62 
53 155 154 62 
53 149 66 79 
149 53 66 79 
53 66 154 79 
53 154 66 79 
53 66 79 155 
53 66 155 79 
53 150 66 127 
53 66 154 155 
53 66 155 154 
53 149 150 66 
53 150 149 66 
149 53 150 66 
53 150 66 154 
53 150 154 66 
53 150 66 155 
53 154 66 155 
53 154 79 155 
53 154 155 79 
53 155 154 79 
173 53 109 156 
53 150 127 149 
53 149 140 141 
149 53 140 141 
239 53 140 141 
53 149 141 140 
149 53 141 140 
239 53 141 140 
149 239 53 140 
53 149 150 141 
53 150 149 141 
149 53 150 141 
149 239 53 141 
53 148 154 155 
53 148 155 154 
53 155 148 154 
53 149 150 157 
53 150 149 157 
53 150 154 155 
53 150 155 154 
53 150 163 155 
53 163 150 155 
55 53 57 66 
89 55 53 57 
55 53 57 110 
55 53 57 111 
55 53 57 149 
55 53 57 150 
55 53 150 57 
55 53 57 154 
55 53 57 155 
55 53 57 156 
55 57 53 66 
89 55 57 53 
55 57 53 110 
55 57 53 111 
55 57 53 149 
55 57 149 53 
55 57 53 150 
55 57 53 154 
55 57 53 155 
55 57 53 156 
55 53 149 66 
55 149 53 66 
55 53 150 66 
55 53 66 154 
55 53 154 66 
55 53 66 155 
55 53 110 111 
55 53 111 110 
55 53 110 150 
55 53 149 111 
55 149 53 111 
55 53 149 150 
55 53 150 149 
55 53 149 157 
55 149 53 150 
55 149 53 157 
55 53 150 154 
55 53 150 155 
55 53 150 156 
55 53 150 157 
55 53 154 155 
55 53 155 154 
57 53 59 62 
85 57 53 59 
86 57 53 59 
87 57 53 59 
88 57 53 59 
57 53 59 111 
57 53 59 149 
57 53 59 150 
57 53 150 59 
57 53 59 154 
57 53 59 155 
57 53 59 156 
204 57 53 59 
240 57 53 59 
241 57 53 59 
244 57 53 59 
57 59 53 62 
85 57 59 53 
86 57 59 53 
87 57 59 53 
88 57 59 53 
57 59 53 111 
57 59 53 149 
57 59 149 53 
57 59 53 150 
57 59 53 154 
57 59 53 155 
57 59 53 156 
204 57 59 53 
240 57 59 53 
241 57 59 53 
244 57 59 53 
57 53 66 62 
92 57 53 62 
57 53 62 148 
57 53 149 62 
57 149 53 62 
57 53 150 62 
57 53 62 154 
57 53 154 62 
57 53 62 155 
57 53 155 62 
57 53 156 62 
238 57 53 62 
57 53 66 127 
57 53 149 66 
57 149 53 66 
57 53 150 66 
57 53 66 154 
57 53 154 66 
57 53 66 155 
57 53 110 111 
57 53 111 110 
57 53 110 150 
57 53 149 111 
57 149 53 111 
57 53 126 148 
57 53 126 150 
57 53 154 126 
57 53 148 127 
57 53 127 149 
57 53 150 127 
57 127 53 149 
57 127 149 53 
57 53 149 141 
57 149 53 141 
57 53 150 141 
57 53 148 154 
57 53 148 155 
57 53 155 148 
57 53 149 150 
57 53 150 149 
57 149 53 150 
57 53 150 154 
57 53 150 155 
57 53 150 156 
57 53 150 163 
57 53 163 150 
57 53 154 155 
57 53 155 154 
57 53 163 155 
86 57 53 149 
86 57 149 53 
86 57 53 150 
88 87 57 53 
89 88 57 53 
93 92 57 53 
127 57 53 149 
127 57 149 53 
240 204 57 53 
241 240 57 53 
244 243 57 53 
59 53 149 62 
59 149 53 62 
59 53 150 62 
59 53 62 154 
59 53 154 62 
59 53 62 155 
59 53 155 62 
59 53 156 62 
59 173 53 77 
59 53 149 111 
59 149 53 111 
59 53 149 150 
59 53 150 149 
59 149 53 150 
59 53 150 154 
59 53 150 155 
59 53 150 156 
59 53 154 155 
59 53 155 154 
59 173 53 156 
86 59 53 149 
86 59 149 53 
86 59 53 150 
88 87 59 53 
96 59 53 149 
96 59 149 53 
96 59 53 150 
240 204 59 53 
241 240 59 53 
242 241 59 53 
86 53 149 150 
86 53 150 149 
86 149 53 150 
93 92 239 53 
96 53 149 150 
96 53 150 149 
96 149 53 150 
98 53 149 150 
98 53 150 149 
98 149 53 150 
149 53 150 157 
54 55 61 65 
54 55 65 61 
69 54 55 61 
54 55 65 66 
54 55 65 149 
54 55 149 65 
54 55 150 65 
54 55 65 160 
54 55 65 172 
54 55 172 65 
54 55 65 177 
54 55 66 70 
54 55 70 66 
54 55 149 66 
54 55 150 66 
54 55 66 160 
54 55 66 171 
54 55 66 172 
54 55 149 70 
54 55 150 70 
54 55 160 70 
54 55 110 111 
54 55 111 110 
54 55 110 150 
54 55 149 111 
54 55 149 150 
54 55 150 149 
54 55 149 157 
54 55 160 149 
54 55 149 172 
54 55 150 156 
54 55 150 157 
54 55 150 160 
54 55 160 150 
54 55 150 172 
54 55 156 171 
54 55 157 172 
54 55 177 157 
54 55 176 171 
54 55 177 171 
54 55 177 172 
54 56 55 65 
89 54 56 55 
54 56 55 110 
54 56 55 111 
54 56 55 149 
54 56 55 150 
69 54 55 149 
69 54 55 150 
69 54 55 156 
69 54 55 157 
54 56 149 62 
54 149 56 62 
54 56 150 62 
54 56 65 149 
54 56 149 65 
54 149 56 65 
54 56 150 65 
54 56 110 111 
54 56 111 110 
54 56 110 150 
54 56 149 111 
54 149 56 111 
54 56 149 150 
54 56 150 149 
57 54 56 62 
89 57 54 56 
57 54 56 110 
57 54 56 111 
57 54 56 149 
57 54 149 56 
57 54 56 150 
54 149 56 150 
54 60 62 61 
54 62 60 61 
54 60 64 61 
54 64 60 61 
69 54 60 61 
54 60 66 62 
54 66 60 62 
54 60 66 64 
54 66 60 64 
54 60 66 172 
54 62 61 60 
54 64 61 60 
69 54 61 60 
54 66 62 60 
54 66 64 60 
54 66 60 172 
113 54 61 65 
54 64 61 65 
54 64 65 61 
54 65 64 61 
113 54 65 61 
54 149 66 62 
54 150 66 62 
54 149 150 62 
54 150 149 62 
54 149 157 62 
54 150 156 62 
54 150 157 62 
54 64 156 171 
54 65 66 64 
54 66 64 171 
54 156 64 171 
54 65 149 66 
54 149 65 66 
54 150 65 66 
54 65 66 160 
54 65 66 172 
54 150 65 149 
54 65 160 149 
54 65 149 172 
54 65 177 172 
113 54 65 172 
113 54 172 65 
54 149 150 65 
54 150 149 65 
54 149 65 172 
54 149 172 65 
54 150 65 160 
54 150 65 172 
54 150 172 65 
54 149 66 70 
54 150 66 70 
54 66 160 70 
54 149 70 66 
54 150 70 66 
54 149 150 66 
54 150 149 66 
54 149 66 172 
54 150 66 160 
54 150 66 172 
54 177 107 67 
54 149 150 70 
54 150 149 70 
54 160 149 70 
54 150 160 70 
54 160 150 70 
54 107 110 111 
54 107 111 110 
54 107 110 150 
54 107 149 111 
54 149 107 111 
54 107 149 150 
54 107 150 149 
54 107 160 149 
54 160 107 149 
54 107 150 160 
54 107 160 150 
54 160 107 150 
54 149 107 150 
54 160 149 107 
54 149 150 157 
54 160 149 150 
54 149 150 172 
54 149 157 172 
54 150 149 157 
54 150 160 149 
54 160 150 149 
54 150 149 172 
54 150 157 172 
54 177 157 172 
55 57 54 66 
89 55 57 54 
55 57 54 110 
55 57 54 111 
55 57 54 149 
55 57 54 150 
55 57 54 156 
55 54 61 65 
55 54 65 61 
69 55 54 61 
55 54 65 66 
55 54 65 149 
55 54 149 65 
55 54 150 65 
55 54 65 160 
55 54 65 172 
55 54 172 65 
55 54 65 177 
55 54 66 70 
55 54 70 66 
55 54 149 66 
55 54 150 66 
55 54 66 160 
55 54 66 171 
55 54 66 172 
55 54 149 70 
55 54 150 70 
55 54 160 70 
55 54 110 111 
55 54 111 110 
55 54 110 150 
55 54 149 111 
55 54 149 150 
55 54 150 149 
55 54 149 157 
55 54 160 149 
55 54 149 172 
55 54 150 156 
55 54 150 157 
55 54 150 160 
55 54 160 150 
55 54 150 172 
55 54 156 171 
55 54 157 172 
55 54 177 157 
55 54 176 171 
55 54 177 171 
55 54 177 172 
69 55 54 149 
69 55 54 150 
69 55 54 156 
69 55 54 157 
57 59 54 62 
57 59 54 111 
57 59 54 149 
57 59 54 150 
57 59 54 156 
57 54 66 62 
57 54 149 62 
57 54 150 62 
57 54 156 62 
57 54 66 64 
57 54 64 156 
57 54 156 64 
57 54 149 66 
57 54 150 66 
57 54 110 111 
57 54 111 110 
57 54 110 150 
57 54 149 111 
57 54 149 150 
57 54 150 149 
57 54 150 156 
59 54 149 62 
59 54 150 62 
59 54 156 62 
59 54 65 149 
59 54 149 65 
59 54 150 65 
59 54 107 67 
59 69 54 149 
59 69 54 150 
59 69 54 156 
59 54 107 111 
59 54 107 149 
59 54 149 107 
59 54 107 150 
59 54 149 111 
59 54 149 150 
59 54 150 149 
59 54 150 156 
69 54 149 150 
69 54 150 149 
69 54 149 157 
69 54 150 156 
69 54 150 157 
55 57 149 66 
55 57 150 66 
55 150 57 66 
55 57 66 154 
55 57 154 66 
55 57 66 155 
55 57 110 111 
55 57 111 110 
55 57 110 150 
55 57 149 111 
55 57 149 150 
55 57 150 149 
55 150 57 149 
55 57 150 154 
55 57 150 155 
55 57 150 156 
55 57 154 155 
55 57 155 154 
55 150 57 154 
55 150 57 155 
55 150 57 156 
55 61 65 63 
55 65 61 63 
55 61 65 154 
55 61 65 155 
55 61 155 65 
55 61 154 155 
55 61 155 154 
55 65 61 154 
55 65 61 155 
69 55 61 154 
69 55 61 155 
55 63 66 172 
55 63 157 172 
55 177 63 157 
55 177 63 172 
55 65 63 66 
55 65 66 63 
55 65 63 172 
55 65 177 63 
55 66 63 172 
55 157 63 172 
55 177 157 63 
55 65 149 66 
55 149 65 66 
55 150 65 66 
55 65 66 154 
55 65 154 66 
55 65 66 155 
55 65 66 160 
55 65 66 172 
55 150 65 149 
55 65 160 149 
55 65 149 172 
55 65 154 155 
55 65 155 154 
55 155 65 154 
55 65 172 154 
55 172 65 154 
55 65 172 155 
55 172 65 155 
55 65 177 172 
55 149 150 65 
55 150 149 65 
55 149 65 172 
55 149 172 65 
55 150 65 154 
55 150 65 155 
55 150 155 65 
55 150 65 160 
55 150 65 172 
55 150 172 65 
55 172 155 65 
55 149 66 70 
55 150 66 70 
55 66 160 70 
55 66 154 155 
55 66 155 154 
55 66 172 154 
55 66 172 155 
55 149 70 66 
55 150 70 66 
55 149 150 66 
55 150 149 66 
55 149 66 172 
55 150 66 154 
55 150 154 66 
55 150 66 155 
55 150 66 160 
55 150 66 172 
55 154 66 155 
55 149 150 70 
55 150 149 70 
55 160 149 70 
55 150 160 70 
55 160 150 70 
55 149 150 157 
55 160 149 150 
55 149 150 172 
55 149 157 172 
55 150 149 157 
55 150 160 149 
55 160 150 149 
55 150 149 172 
55 150 154 155 
55 150 155 154 
55 150 172 154 
55 150 172 155 
55 150 157 172 
55 172 154 155 
271 55 154 155 
55 172 155 154 
271 55 155 154 
55 177 157 172 
55 231 197 229 
89 56 55 57 
56 55 57 110 
56 55 57 111 
56 55 57 149 
56 55 57 150 
56 55 150 57 
56 58 55 111 
56 58 55 149 
56 58 55 150 
56 55 65 63 
56 55 65 149 
56 55 149 65 
56 55 150 65 
56 55 65 197 
56 55 110 111 
56 55 111 110 
56 55 110 150 
56 55 149 111 
56 55 149 150 
56 55 150 149 
89 56 112 55 
58 55 149 66 
58 55 150 66 
58 55 149 111 
58 55 149 150 
58 55 150 149 
58 55 149 157 
58 55 150 157 
69 55 149 150 
69 55 150 149 
69 55 149 157 
69 55 150 154 
69 55 150 155 
69 55 150 156 
69 55 150 157 
69 55 154 155 
69 55 155 154 
92 56 57 62 
56 57 149 62 
56 57 150 62 
56 150 57 62 
238 56 57 62 
56 57 110 111 
56 57 111 110 
56 57 110 150 
56 57 149 111 
56 57 126 150 
148 56 57 127 
56 57 127 149 
56 57 150 127 
56 150 57 127 
56 57 149 141 
56 57 150 141 
56 150 57 141 
56 57 149 150 
56 57 150 149 
56 150 57 149 
86 56 57 149 
86 56 57 150 
86 56 150 57 
88 87 56 57 
89 88 56 57 
93 92 56 57 
97 56 57 149 
97 56 57 150 
97 56 150 57 
148 56 127 57 
56 127 57 149 
56 150 127 57 
240 204 56 57 
241 240 56 57 
244 243 56 57 
56 58 149 111 
56 149 58 111 
149 56 58 111 
56 58 149 150 
56 58 150 149 
86 56 58 149 
86 56 149 58 
86 149 56 58 
86 56 58 150 
88 87 56 58 
56 149 58 150 
149 56 58 150 
240 204 56 58 
241 240 56 58 
56 149 150 62 
56 150 149 62 
149 56 150 62 
56 65 112 113 
56 65 113 112 
56 113 65 112 
56 65 197 113 
56 150 65 149 
56 149 150 65 
56 150 149 65 
149 56 150 65 
204 56 112 113 
205 56 112 113 
244 56 112 113 
204 56 113 112 
205 56 113 112 
244 56 113 112 
244 243 56 113 
56 150 127 149 
56 162 127 149 
56 149 140 141 
149 56 140 141 
56 149 141 140 
149 56 141 140 
56 149 150 141 
56 150 149 141 
149 56 150 141 
92 57 56 62 
57 56 149 62 
57 149 56 62 
57 56 150 62 
238 57 56 62 
57 56 110 111 
57 56 111 110 
57 56 110 150 
57 56 149 111 
57 149 56 111 
57 56 126 150 
57 126 148 56 
57 126 56 150 
57 148 56 127 
148 57 56 127 
57 56 127 149 
57 56 150 127 
57 56 149 141 
57 149 56 141 
57 56 150 141 
57 56 149 150 
57 56 150 149 
57 149 56 150 
86 57 56 149 
86 57 149 56 
86 57 56 150 
88 87 57 56 
89 88 57 56 
93 92 57 56 
97 57 56 149 
97 57 149 56 
97 57 56 150 
240 204 57 56 
241 240 57 56 
244 243 57 56 
86 56 149 150 
86 56 150 149 
86 149 56 150 
89 56 112 113 
89 56 113 112 
97 56 149 150 
97 56 150 149 
97 149 56 150 
57 59 149 62 
57 59 150 62 
57 150 59 62 
150 57 59 62 
57 59 62 154 
57 59 154 62 
57 59 62 155 
57 59 155 62 
57 59 156 62 
57 59 149 111 
57 59 149 150 
57 59 150 149 
57 150 59 149 
150 57 59 149 
57 59 150 154 
57 59 150 155 
57 59 150 156 
57 59 154 155 
57 59 155 154 
86 57 59 149 
86 57 59 150 
86 57 150 59 
86 150 57 59 
88 87 57 59 
57 150 59 154 
57 150 59 155 
57 150 59 156 
150 57 59 154 
150 57 59 155 
150 57 59 156 
240 204 57 59 
241 240 57 59 
57 62 148 154 
57 62 148 155 
57 62 155 148 
57 155 62 148 
57 62 154 155 
57 62 155 154 
57 155 62 154 
57 149 66 62 
57 150 66 62 
150 57 66 62 
57 66 62 154 
57 66 154 62 
57 154 66 62 
57 66 62 155 
57 66 155 62 
92 57 62 138 
92 57 138 62 
57 149 150 62 
57 150 149 62 
150 57 149 62 
57 150 62 154 
57 150 154 62 
57 150 62 155 
57 150 155 62 
57 150 156 62 
150 57 62 154 
150 57 154 62 
150 57 62 155 
150 57 155 62 
150 57 156 62 
57 154 62 155 
57 154 155 62 
57 155 154 62 
57 150 66 127 
150 57 66 127 
57 66 154 155 
57 66 155 154 
57 149 150 66 
57 150 149 66 
150 57 149 66 
57 150 66 154 
57 150 154 66 
57 150 66 155 
150 57 66 154 
150 57 154 66 
150 57 66 155 
57 154 66 155 
57 150 127 149 
150 57 127 149 
57 149 150 141 
57 150 149 141 
150 57 149 141 
57 148 154 155 
57 148 155 154 
57 155 148 154 
57 150 154 155 
57 150 155 154 
57 150 163 155 
57 163 150 155 
86 57 149 150 
86 57 150 149 
86 150 57 149 
97 57 149 150 
97 57 150 149 
97 150 57 149 
150 127 57 149 
148 57 154 155 
148 57 155 154 
150 57 154 155 
150 57 155 154 
150 57 163 155 
58 149 150 66 
58 150 149 66 
149 58 150 66 
58 78 173 77 
58 173 78 77 
58 166 78 173 
58 166 173 78 
58 167 82 129 
58 82 129 181 
58 167 129 82 
58 129 82 181 
58 167 82 181 
58 167 233 82 
58 84 129 181 
58 129 84 181 
58 107 149 111 
58 149 107 111 
149 58 107 111 
58 107 149 150 
58 107 150 149 
58 149 107 150 
149 58 107 150 
58 167 129 181 
58 149 150 157 
58 150 149 157 
58 167 235 181 
86 58 149 150 
86 58 150 149 
86 149 58 150 
96 58 107 149 
96 58 149 107 
96 149 58 107 
96 58 107 150 
96 58 149 150 
96 58 150 149 
96 149 58 150 
149 58 150 157 
270 241 240 58 
59 62 154 155 
59 62 155 154 
59 155 62 154 
59 149 150 62 
59 150 149 62 
150 59 149 62 
59 150 62 154 
59 150 154 62 
59 150 62 155 
59 150 155 62 
59 150 156 62 
150 59 62 154 
150 59 154 62 
150 59 62 155 
150 59 155 62 
150 59 156 62 
59 154 62 155 
59 154 155 62 
59 155 154 62 
59 150 65 149 
150 59 65 149 
59 181 65 149 
59 65 154 155 
59 65 155 154 
59 155 65 154 
59 149 150 65 
59 150 149 65 
150 59 149 65 
59 181 149 65 
59 150 65 154 
59 150 65 155 
59 150 155 65 
150 59 65 154 
150 59 65 155 
150 59 155 65 
59 69 149 150 
59 69 150 149 
59 69 181 149 
59 69 150 154 
59 69 150 155 
59 69 150 156 
59 69 154 155 
59 69 155 154 
86 59 69 149 
86 59 69 150 
59 166 81 128 
59 232 81 128 
59 166 128 81 
59 232 128 81 
59 166 81 181 
59 166 181 81 
59 166 232 81 
59 107 149 111 
59 149 107 111 
59 107 149 150 
59 107 150 149 
59 149 107 150 
59 166 232 128 
59 150 154 155 
59 150 155 154 
271 59 154 155 
271 59 155 154 
59 166 181 234 
86 59 149 150 
86 59 150 149 
86 150 59 149 
96 59 107 149 
96 59 149 107 
96 59 107 150 
96 59 149 150 
96 59 150 149 
96 150 59 149 
150 59 154 155 
150 59 155 154 
270 241 240 59 
60 61 262 263 
60 61 263 262 
158 60 62 61 
158 62 60 61 
158 60 64 61 
158 64 60 61 
69 158 60 61 
158 60 62 138 
158 60 66 62 
158 66 60 62 
158 60 138 62 
158 60 64 138 
158 60 66 64 
158 66 60 64 
112 158 60 66 
60 263 112 113 
60 263 113 112 
61 60 262 263 
61 60 263 262 
158 62 61 60 
158 64 61 60 
69 158 61 60 
158 62 60 138 
158 66 62 60 
158 64 60 138 
158 66 64 60 
112 158 66 60 
64 61 65 63 
64 65 61 63 
65 64 61 63 
61 159 65 63 
61 65 154 155 
61 65 155 154 
61 155 65 154 
113 61 159 65 
61 69 154 155 
61 69 155 154 
62 61 154 155 
62 61 155 154 
65 61 154 155 
65 61 155 154 
69 61 154 155 
69 61 155 154 
158 62 138 139 
158 62 139 138 
158 139 62 138 
62 148 154 155 
62 148 155 154 
62 155 148 154 
155 62 148 154 
66 62 154 155 
66 62 155 154 
66 155 62 154 
66 154 62 155 
66 154 155 62 
66 155 154 62 
149 150 66 62 
150 149 66 62 
150 66 62 154 
150 66 154 62 
150 154 66 62 
150 66 62 155 
150 66 155 62 
154 66 62 155 
154 66 155 62 
158 138 62 139 
158 138 139 62 
158 139 138 62 
149 150 157 62 
150 149 157 62 
150 62 154 155 
150 62 155 154 
150 155 62 154 
150 154 62 155 
150 154 155 62 
150 155 154 62 
65 63 66 64 
65 66 63 64 
177 63 157 172 
65 66 64 63 
65 63 66 172 
65 66 63 172 
65 177 63 172 
177 157 63 172 
158 64 138 139 
158 64 139 138 
65 66 154 155 
65 66 155 154 
65 66 172 154 
65 66 172 155 
150 65 149 66 
65 149 66 172 
149 150 65 66 
150 149 65 66 
149 65 66 172 
150 65 66 154 
150 65 154 66 
150 65 66 155 
150 65 66 160 
150 65 66 172 
65 154 66 155 
65 80 155 113 
65 155 80 113 
155 65 80 113 
65 80 154 155 
65 80 155 154 
65 155 80 154 
155 65 80 154 
65 155 113 80 
155 65 113 80 
155 113 65 80 
150 65 149 80 
149 150 65 80 
150 149 65 80 
150 65 80 154 
150 65 154 80 
150 65 80 155 
150 65 155 80 
150 155 65 80 
65 154 80 155 
65 154 155 80 
65 155 154 80 
155 65 154 80 
65 177 113 172 
65 172 155 113 
172 65 155 113 
172 155 65 113 
172 159 65 113 
65 177 172 113 
150 65 160 149 
150 65 149 172 
65 172 154 155 
172 65 154 155 
65 172 155 154 
172 65 155 154 
172 155 65 154 
113 172 159 65 
172 113 159 65 
172 155 113 65 
172 159 113 65 
149 150 65 172 
149 150 172 65 
150 149 65 172 
150 149 172 65 
150 65 154 155 
150 65 155 154 
150 155 65 154 
150 65 172 154 
150 172 65 154 
150 65 163 155 
150 65 172 155 
150 172 65 155 
150 172 155 65 
149 66 79 70 
149 150 66 70 
150 149 66 70 
150 66 160 70 
66 154 79 155 
66 154 155 79 
66 155 154 79 
154 66 79 155 
154 66 155 79 
150 66 160 127 
66 172 154 155 
66 172 155 154 
149 150 70 66 
150 149 70 66 
149 150 66 172 
150 149 66 172 
150 66 154 155 
150 66 155 154 
150 66 172 154 
150 154 66 155 
150 66 172 155 
67 173 108 109 
67 174 108 109 
67 194 108 109 
67 195 108 109 
67 109 173 108 
67 173 109 108 
67 174 109 108 
67 194 109 108 
67 195 109 108 
67 194 173 108 
67 194 109 173 
67 194 173 109 
153 137 67 136 
67 187 177 181 
67 187 181 177 
67 187 195 177 
107 137 67 136 
137 107 67 136 
107 67 136 153 
107 67 153 136 
107 153 67 136 
107 153 137 67 
177 201 107 67 
68 174 108 109 
68 194 108 109 
68 195 108 109 
68 174 109 108 
68 194 109 108 
68 195 109 108 
221 223 68 181 
223 221 68 181 
107 136 68 137 
107 136 153 68 
107 153 136 68 
107 153 68 137 
107 68 137 160 
107 68 160 137 
136 153 68 137 
153 136 68 137 
222 176 68 181 
221 177 68 181 
222 177 68 181 
69 149 150 157 
69 150 149 157 
69 150 154 155 
69 150 155 154 
163 69 150 155 
69 261 154 155 
268 69 154 155 
69 261 155 154 
268 69 155 154 
86 69 149 150 
86 69 150 149 
101 69 154 155 
101 69 155 154 
101 69 261 154 
101 69 261 155 
101 69 159 261 
149 150 80 70 
150 149 80 70 
160 149 150 70 
170 149 150 70 
160 149 70 153 
150 160 149 70 
160 150 149 70 
170 150 149 70 
164 78 175 124 
164 166 78 175 
150 80 154 155 
150 80 155 154 
150 155 80 154 
150 154 80 155 
150 154 155 80 
150 155 154 80 
166 232 81 128 
188 232 81 128 
188 114 116 81 
188 116 114 81 
178 114 224 81 
166 232 128 81 
188 232 128 81 
130 178 81 175 
167 82 129 181 
189 115 117 82 
189 115 82 129 
189 115 129 82 
184 189 117 82 
189 184 117 82 
167 129 82 181 
184 189 233 82 
189 184 233 82 
189 233 225 82 
184 118 83 128 
184 118 128 83 
178 118 132 83 
178 132 83 175 
119 125 133 84 
119 133 125 84 
179 119 125 84 
185 119 84 129 
185 119 129 84 
179 119 133 84 
125 119 133 84 
179 125 119 84 
179 125 133 84 
179 133 125 84 
179 227 125 84 
179 133 84 175 
267 92 106 91 
267 106 92 91 
268 92 106 239 
268 93 92 239 
106 93 92 239 
267 106 93 92 
268 106 93 92 
268 106 92 239 
268 106 93 239 
95 107 149 150 
95 107 150 149 
95 107 160 149 
95 160 107 149 
95 107 150 160 
95 107 160 150 
95 160 107 150 
95 149 107 150 
95 160 149 107 
95 160 149 150 
95 150 160 149 
95 160 150 149 
96 107 149 150 
96 107 150 149 
96 107 160 149 
96 160 107 149 
96 107 150 160 
96 107 160 150 
96 160 107 150 
96 149 107 150 
96 160 149 107 
96 160 149 150 
96 150 160 149 
96 160 150 149 
97 107 149 150 
97 107 150 149 
97 149 107 150 
98 107 149 150 
98 107 150 149 
98 149 107 150 
100 107 149 150 
100 107 150 149 
100 149 107 150 
100 149 239 107 
100 149 150 239 
100 150 149 239 
101 261 154 155 
101 261 155 154 
101 265 159 261 
265 101 159 261 
101 236 265 248 
101 265 236 248 
265 101 236 248 
101 240 236 248 
101 240 248 236 
101 265 240 236 
265 101 240 236 
101 265 248 236 
265 101 248 236 
101 265 240 248 
265 101 240 248 
270 101 240 248 
270 101 240 251 
101 241 240 248 
270 101 241 240 
270 101 241 248 
101 265 259 261 
265 101 259 261 
102 260 154 155 
102 261 154 155 
271 102 154 155 
272 102 154 155 
102 260 155 154 
102 261 155 154 
271 102 155 154 
272 102 155 154 
102 260 261 154 
272 102 260 154 
271 102 261 154 
272 102 261 154 
102 260 261 155 
272 102 260 155 
271 102 261 155 
272 102 261 155 
272 102 260 261 
107 136 153 137 
107 153 136 137 
107 160 136 137 
160 107 136 137 
107 136 149 153 
107 160 136 149 
160 107 136 149 
107 160 136 153 
160 107 136 153 
107 153 137 136 
107 137 160 136 
107 160 137 136 
160 107 137 136 
137 107 160 136 
137 160 107 136 
160 137 107 136 
107 149 136 153 
107 149 153 136 
107 160 149 136 
160 107 149 136 
149 107 136 153 
149 107 153 136 
160 149 107 136 
107 160 153 136 
160 107 153 136 
107 137 150 145 
107 150 137 145 
107 137 150 160 
107 137 160 150 
107 160 137 150 
160 107 137 150 
107 150 137 160 
107 150 160 137 
107 160 150 137 
160 107 150 137 
107 160 153 137 
160 107 153 137 
239 107 142 143 
149 239 107 142 
107 160 149 150 
160 107 149 150 
250 107 149 150 
107 160 149 153 
160 107 149 153 
107 150 160 149 
107 160 150 149 
160 107 150 149 
250 107 150 149 
137 107 150 145 
137 107 150 160 
137 107 160 150 
137 160 107 150 
160 137 107 150 
160 149 107 150 
250 149 107 150 
160 149 107 153 
165 164 107 180 
165 164 180 107 
108 109 262 263 
108 109 263 262 
194 173 108 109 
174 109 157 108 
194 109 173 108 
109 108 262 263 
109 108 263 262 
194 173 109 108 
113 260 259 261 
260 113 259 261 
260 261 155 113 
178 114 224 120 
186 187 116 122 
187 186 116 122 
186 117 123 229 
186 117 229 123 
184 187 117 165 
184 188 117 165 
184 189 117 165 
189 184 117 165 
185 186 117 165 
185 188 117 165 
188 185 117 165 
186 187 117 165 
187 186 117 165 
186 187 117 229 
187 186 117 229 
187 231 117 229 
178 118 124 132 
178 118 132 124 
179 119 125 133 
179 119 133 125 
179 125 119 133 
178 175 124 132 
178 132 175 124 
178 175 132 124 
179 175 125 133 
192 175 125 133 
179 133 175 125 
192 133 175 125 
179 175 133 125 
192 175 133 125 
179 133 231 125 
150 160 127 149 
160 150 127 149 
185 188 232 128 
188 185 232 128 
187 129 186 181 
186 187 129 181 
187 186 129 181 
221 223 129 181 
223 221 129 181 
221 167 129 181 
160 136 153 137 
160 153 136 137 
160 136 149 153 
160 153 137 136 
160 149 136 153 
160 149 153 136 
140 141 138 139 
141 140 138 139 
140 141 139 138 
141 140 139 138 
149 239 140 141 
149 239 141 140 
149 150 239 141 
150 149 239 141 
149 150 157 172 
150 149 157 172 
150 172 154 155 
150 172 155 154 
161 261 154 155 
260 261 154 155 
272 260 154 155 
271 261 154 155 
272 261 154 155 
161 261 155 154 
260 261 155 154 
272 260 155 154 
271 261 155 154 
272 261 155 154 
272 260 261 154 
272 260 261 155 
164 166 175 234 
164 223 166 234 
223 164 166 234 
184 164 187 183 
184 187 164 183 
184 189 164 183 
189 184 164 183 
184 164 183 223 
184 164 223 183 
184 223 164 183 
164 221 183 223 
164 221 223 183 
164 223 221 183 
223 164 221 183 
221 164 183 223 
221 164 223 183 
221 223 164 183 
223 221 164 183 
165 164 186 182 
165 186 164 182 
186 165 164 182 
165 188 164 182 
188 165 164 182 
165 164 222 182 
165 222 164 182 
222 165 164 182 
165 186 182 164 
186 165 182 164 
165 188 182 164 
188 165 182 164 
165 222 182 164 
222 165 182 164 
184 165 164 183 
165 164 187 183 
165 187 164 183 
187 165 164 183 
189 165 164 183 
165 164 221 183 
165 221 164 183 
221 165 164 183 
165 164 183 223 
165 164 223 183 
165 223 164 183 
223 165 164 183 
184 165 183 164 
165 187 183 164 
187 165 183 164 
189 165 183 164 
165 221 183 164 
221 165 183 164 
165 183 164 223 
165 183 223 164 
165 223 183 164 
223 165 183 164 
165 164 186 187 
165 164 187 186 
165 187 164 186 
187 165 164 186 
165 186 164 187 
165 186 187 164 
165 187 186 164 
187 165 186 164 
165 164 221 223 
165 164 223 221 
165 223 164 221 
223 165 164 221 
165 221 164 223 
165 221 223 164 
165 223 221 164 
223 165 221 164 
186 182 165 164 
188 182 165 164 
222 182 165 164 
184 165 164 187 
184 165 187 164 
184 187 165 164 
184 165 188 164 
184 188 165 164 
184 189 165 164 
189 184 165 164 
184 165 164 223 
184 165 223 164 
184 223 165 164 
185 165 164 186 
185 165 186 164 
185 186 165 164 
185 165 188 164 
185 188 165 164 
188 185 165 164 
186 165 164 187 
186 165 187 164 
186 187 165 164 
187 186 165 164 
221 165 164 223 
221 165 223 164 
221 223 165 164 
223 221 165 164 
184 187 183 164 
184 189 183 164 
189 184 183 164 
184 183 164 223 
184 183 223 164 
184 223 183 164 
221 183 164 223 
221 183 223 164 
221 223 183 164 
223 221 183 164 
184 189 164 234 
184 164 223 234 
184 223 164 234 
189 184 164 234 
165 167 235 175 
184 165 187 183 
184 187 165 183 
184 189 165 183 
189 184 165 183 
184 165 183 223 
184 165 223 183 
184 223 165 183 
165 221 183 223 
165 221 223 183 
165 223 221 183 
223 165 221 183 
221 165 183 223 
221 165 223 183 
221 223 165 183 
223 221 165 183 
184 165 188 235 
184 188 165 235 
185 165 188 235 
185 188 165 235 
188 185 165 235 
223 166 181 234 
221 167 177 181 
221 167 181 177 
221 183 223 168 
221 223 183 168 
223 221 183 168 
186 187 176 181 
187 186 176 181 
186 187 181 176 
187 186 181 176 
186 187 177 181 
187 186 177 181 
186 187 181 177 
187 186 181 177 
184 223 181 234 
186 187 197 194 
186 187 197 229 
187 186 197 194 
187 186 197 229 
187 231 197 229 
265 240 236 248 
265 240 248 236 
270 241 240 248 
265 260 259 261 
