8 53 54 55 57 66 
8 53 54 55 57 149 
8 53 54 55 66 149 
8 53 54 57 66 149 
8 53 55 57 66 149 
8 54 55 56 57 149 
8 54 55 57 66 149 
26 52 53 54 55 149 
26 52 53 54 55 150 
26 52 53 54 55 156 
26 52 53 54 55 157 
26 52 53 54 149 150 
26 52 53 54 149 157 
26 52 53 54 150 156 
26 52 53 54 150 157 
26 52 53 55 149 150 
26 52 53 55 149 157 
26 52 53 55 150 156 
26 52 53 55 150 157 
26 52 53 149 150 157 
26 52 54 55 56 65 
26 52 54 55 56 149 
26 52 54 55 56 150 
26 52 54 55 65 149 
26 52 54 55 65 150 
26 52 54 55 149 150 
26 52 54 55 149 157 
26 52 54 55 150 156 
26 52 54 55 150 157 
26 52 54 56 65 149 
26 52 54 56 65 150 
26 52 54 56 149 150 
26 52 54 65 149 150 
26 52 54 107 149 150 
26 52 54 149 150 157 
26 52 55 56 65 149 
26 52 55 56 65 150 
26 52 55 56 149 150 
26 52 55 65 149 150 
26 52 55 149 150 157 
26 52 56 65 149 150 
26 53 54 55 57 149 
26 53 54 55 57 150 
26 53 54 55 57 156 
26 53 54 55 149 150 
26 53 54 55 149 157 
26 53 54 55 150 156 
26 53 54 55 150 157 
26 53 54 57 149 150 
26 53 54 57 150 156 
26 53 54 149 150 157 
26 53 55 57 149 150 
26 53 55 57 150 156 
26 53 55 149 150 157 
26 54 55 56 57 149 
26 54 55 56 57 150 
26 54 55 56 65 149 
26 54 55 56 65 150 
26 54 55 56 149 150 
26 54 55 57 149 150 
26 54 55 57 150 156 
26 54 55 65 149 150 
26 54 55 149 150 157 
26 54 56 57 149 150 
26 54 56 65 149 150 
26 55 56 57 149 150 
26 55 56 65 149 150 
27 52 53 54 55 149 
27 52 53 54 55 150 
27 52 53 54 149 150 
27 52 53 55 149 150 
27 52 54 55 56 149 
27 52 54 55 56 150 
27 52 54 55 149 150 
27 52 54 56 149 150 
27 52 55 56 58 149 
27 52 55 56 58 150 
27 52 55 56 149 150 
27 52 55 58 149 150 
27 52 56 58 149 150 
27 53 54 55 57 149 
27 53 54 55 57 150 
27 53 54 55 149 150 
27 53 54 57 59 149 
27 53 54 57 59 150 
27 53 54 57 149 150 
27 53 54 59 149 150 
27 53 55 57 149 150 
27 53 57 59 149 150 
27 54 55 56 57 149 
27 54 55 56 57 150 
27 54 55 56 149 150 
27 54 55 57 149 150 
27 54 55 69 149 150 
27 54 56 57 149 150 
27 54 57 59 149 150 
27 54 59 69 149 150 
27 55 56 57 149 150 
27 55 56 58 149 150 
29 52 53 92 93 239 
30 52 53 86 149 150 
30 52 58 86 149 150 
30 53 59 86 149 150 
34 52 53 54 55 89 
52 53 54 55 110 111 
52 53 54 55 110 150 
52 53 54 55 111 149 
52 53 54 55 149 150 
52 53 54 55 149 157 
52 53 54 55 150 156 
52 53 54 55 150 157 
52 53 54 62 149 150 
52 53 54 62 149 157 
52 53 54 62 150 156 
52 53 54 62 150 157 
52 53 54 149 150 157 
52 53 55 149 150 157 
52 53 62 149 150 157 
52 53 140 141 149 239 
52 53 141 149 150 239 
52 54 55 56 65 149 
52 54 55 56 65 150 
52 54 55 56 110 111 
52 54 55 56 110 150 
52 54 55 56 111 149 
52 54 55 56 149 150 
52 54 55 65 149 150 
52 54 55 149 150 157 
52 54 56 62 149 150 
52 54 56 65 149 150 
52 54 62 149 150 157 
52 55 56 58 111 149 
52 55 56 58 149 150 
52 55 56 65 149 150 
52 55 58 149 150 157 
52 56 58 86 149 150 
52 58 96 107 149 150 
53 54 55 57 66 149 
53 54 55 57 66 150 
53 54 55 57 110 111 
53 54 55 57 110 150 
53 54 55 57 111 149 
53 54 55 57 149 150 
53 54 55 57 150 156 
53 54 55 66 149 150 
53 54 55 149 150 157 
53 54 57 59 62 149 
53 54 57 59 62 150 
53 54 57 59 62 156 
53 54 57 59 111 149 
53 54 57 59 149 150 
53 54 57 59 150 156 
53 54 57 62 66 149 
53 54 57 62 66 150 
53 54 57 62 149 150 
53 54 57 62 150 156 
53 54 57 66 149 150 
53 54 59 62 149 150 
53 54 59 62 150 156 
53 54 62 66 149 150 
53 54 62 149 150 157 
53 55 57 66 149 150 
53 55 57 66 150 154 
53 55 57 66 150 155 
53 55 57 66 154 155 
53 55 57 150 154 155 
53 55 66 150 154 155 
53 57 59 62 149 150 
53 57 59 62 150 154 
53 57 59 62 150 155 
53 57 59 62 150 156 
53 57 59 62 154 155 
53 57 59 86 149 150 
53 57 59 150 154 155 
53 57 62 66 149 150 
53 57 62 66 150 154 
53 57 62 66 150 155 
53 57 62 66 154 155 
53 57 62 148 154 155 
53 57 62 150 154 155 
53 57 66 127 149 150 
53 57 66 150 154 155 
53 59 62 150 154 155 
53 62 66 150 154 155 
54 55 56 57 110 111 
54 55 56 57 110 150 
54 55 56 57 111 149 
54 55 56 57 149 150 
54 55 56 65 149 150 
54 55 57 66 149 150 
54 55 65 66 149 150 
54 55 65 66 149 160 
54 55 65 66 149 172 
54 55 65 66 150 160 
54 55 65 66 150 172 
54 55 65 149 150 160 
54 55 65 149 150 172 
54 55 66 70 149 150 
54 55 66 70 149 160 
54 55 66 70 150 160 
54 55 66 149 150 160 
54 55 66 149 150 172 
54 55 69 149 150 157 
54 55 70 149 150 160 
54 55 149 150 157 172 
54 56 57 62 149 150 
54 57 59 62 149 150 
54 57 59 62 150 156 
54 57 62 66 149 150 
54 65 66 149 150 160 
54 65 66 149 150 172 
54 66 70 149 150 160 
55 57 66 150 154 155 
55 65 66 149 150 160 
55 65 66 149 150 172 
55 65 66 150 154 155 
55 65 66 150 154 172 
55 65 66 150 155 172 
55 65 66 154 155 172 
55 65 150 154 155 172 
55 66 70 149 150 160 
55 66 150 154 155 172 
57 59 62 150 154 155 
57 62 66 150 154 155 
65 66 150 154 155 172 
68 107 136 137 153 160 
102 154 155 260 261 272 
