1 3 58 196 
1 13 53 55 
1 13 53 111 
1 13 55 58 
1 13 55 111 
1 13 55 176 
1 13 55 196 
1 13 58 111 
1 13 58 196 
1 53 54 55 
1 53 54 66 
1 53 54 111 
1 53 54 156 
1 53 55 66 
1 53 55 111 
1 53 55 156 
1 54 55 66 
1 54 55 111 
1 54 55 156 
1 54 55 176 
1 55 58 66 
1 55 58 111 
1 55 58 196 
2 43 55 197 
2 54 55 65 
2 54 55 177 
2 54 65 177 
2 55 65 177 
2 55 65 197 
3 4 52 53 
3 4 52 80 
3 4 52 110 
3 4 53 110 
3 4 53 173 
3 52 53 110 
3 52 58 196 
3 81 116 228 
3 116 122 186 
3 164 182 186 
4 52 53 110 
4 52 53 111 
4 52 110 111 
4 53 57 59 
4 53 57 66 
4 53 57 110 
4 53 57 111 
4 53 59 111 
4 53 59 173 
4 53 59 197 
4 53 110 111 
4 57 59 111 
4 57 110 111 
5 19 73 164 
5 19 164 180 
5 42 164 180 
5 50 164 180 
6 18 20 72 
6 18 20 165 
6 18 38 72 
6 18 38 165 
6 18 51 165 
6 20 72 74 
6 20 72 180 
6 20 74 165 
6 20 74 180 
6 20 74 220 
6 20 165 175 
6 20 165 180 
6 20 174 180 
6 43 157 165 
6 51 165 175 
6 51 165 231 
6 63 74 180 
6 63 74 220 
6 72 74 180 
6 74 165 180 
6 165 180 231 
6 174 180 231 
7 42 52 54 
7 42 52 56 
7 42 54 56 
7 42 54 57 
7 42 56 57 
7 52 53 54 
7 52 54 56 
7 52 54 65 
7 52 54 208 
7 52 56 65 
7 53 54 57 
7 53 54 66 
7 53 57 66 
7 54 56 57 
7 54 56 65 
7 54 57 66 
7 54 65 66 
7 83 132 178 
8 12 13 39 
8 12 13 43 
8 12 13 76 
8 12 39 76 
8 13 39 76 
8 13 43 53 
8 13 43 55 
8 13 53 55 
8 43 53 55 
8 43 53 57 
8 43 55 56 
8 43 55 57 
8 43 56 57 
8 53 54 55 
8 53 54 57 
8 53 54 66 
8 53 54 149 
8 53 55 57 
8 53 55 66 
8 53 55 149 
8 53 57 66 
8 53 57 149 
8 53 66 149 
8 54 55 56 
8 54 55 57 
8 54 55 66 
8 54 55 149 
8 54 56 57 
8 54 56 149 
8 54 57 64 
8 54 57 66 
8 54 57 149 
8 54 64 66 
8 54 66 149 
8 55 56 57 
8 55 56 149 
8 55 57 66 
8 55 57 149 
8 55 66 149 
8 56 57 149 
8 57 64 66 
8 57 66 149 
10 18 39 72 
11 14 40 48 
11 14 48 158 
11 38 75 76 
11 39 75 76 
11 42 48 112 
11 48 112 158 
12 13 39 75 
12 13 39 76 
12 13 75 76 
12 39 75 76 
12 45 75 76 
13 19 73 113 
13 19 73 164 
13 20 113 177 
13 38 75 76 
13 39 75 76 
13 43 53 55 
13 53 55 110 
13 53 55 111 
13 53 110 111 
13 53 110 207 
13 55 58 111 
13 55 58 166 
13 55 58 196 
13 55 110 111 
13 55 166 176 
13 108 109 195 
13 176 200 248 
13 176 201 248 
14 55 56 57 
14 55 56 63 
14 55 56 65 
14 55 61 63 
14 55 61 65 
14 55 63 65 
14 56 63 65 
14 60 61 64 
14 60 61 158 
14 60 64 158 
14 61 63 64 
14 61 63 65 
14 61 64 65 
14 61 64 158 
14 63 64 65 
15 47 112 113 
15 60 61 113 
15 60 66 112 
15 60 66 172 
15 60 112 113 
15 60 113 172 
18 51 165 167 
19 73 112 113 
19 107 164 180 
20 72 74 180 
20 74 112 180 
20 74 165 180 
20 107 165 180 
22 57 149 150 
22 58 149 150 
26 52 53 54 
26 52 53 55 
26 52 53 149 
26 52 53 150 
26 52 53 156 
26 52 53 157 
26 52 54 55 
26 52 54 56 
26 52 54 65 
26 52 54 107 
26 52 54 149 
26 52 54 150 
26 52 54 156 
26 52 54 157 
26 52 55 56 
26 52 55 65 
26 52 55 149 
26 52 55 150 
26 52 55 156 
26 52 55 157 
26 52 56 65 
26 52 56 149 
26 52 56 150 
26 52 65 149 
26 52 65 150 
26 52 107 149 
26 52 107 150 
26 52 149 150 
26 52 149 157 
26 52 150 156 
26 52 150 157 
26 53 54 55 
26 53 54 57 
26 53 54 149 
26 53 54 150 
26 53 54 156 
26 53 54 157 
26 53 55 57 
26 53 55 149 
26 53 55 150 
26 53 55 156 
26 53 55 157 
26 53 57 149 
26 53 57 150 
26 53 57 156 
26 53 149 150 
26 53 149 157 
26 53 150 156 
26 53 150 157 
26 54 55 56 
26 54 55 57 
26 54 55 65 
26 54 55 149 
26 54 55 150 
26 54 55 156 
26 54 55 157 
26 54 56 57 
26 54 56 65 
26 54 56 149 
26 54 56 150 
26 54 57 64 
26 54 57 149 
26 54 57 150 
26 54 57 156 
26 54 64 65 
26 54 64 156 
26 54 65 149 
26 54 65 150 
26 54 107 149 
26 54 107 150 
26 54 149 150 
26 54 149 157 
26 54 150 156 
26 54 150 157 
26 55 56 57 
26 55 56 65 
26 55 56 149 
26 55 56 150 
26 55 57 149 
26 55 57 150 
26 55 57 156 
26 55 65 149 
26 55 65 150 
26 55 149 150 
26 55 149 157 
26 55 150 156 
26 55 150 157 
26 56 57 149 
26 56 57 150 
26 56 65 149 
26 56 65 150 
26 56 149 150 
26 57 64 156 
26 57 149 150 
26 57 150 156 
26 65 149 150 
26 78 164 180 
26 107 149 150 
26 107 164 165 
26 107 164 180 
26 107 165 180 
26 149 150 157 
26 164 165 180 
26 164 180 230 
27 52 53 54 
27 52 53 55 
27 52 53 85 
27 52 53 149 
27 52 53 150 
27 52 54 55 
27 52 54 56 
27 52 54 149 
27 52 54 150 
27 52 55 56 
27 52 55 58 
27 52 55 149 
27 52 55 150 
27 52 56 58 
27 52 56 85 
27 52 56 149 
27 52 56 150 
27 52 58 85 
27 52 58 149 
27 52 58 150 
27 52 149 150 
27 53 54 55 
27 53 54 57 
27 53 54 59 
27 53 54 149 
27 53 54 150 
27 53 55 57 
27 53 55 149 
27 53 55 150 
27 53 57 59 
27 53 57 85 
27 53 57 149 
27 53 57 150 
27 53 59 85 
27 53 59 149 
27 53 59 150 
27 53 149 150 
27 54 55 56 
27 54 55 57 
27 54 55 69 
27 54 55 149 
27 54 55 150 
27 54 56 57 
27 54 56 149 
27 54 56 150 
27 54 57 59 
27 54 57 149 
27 54 57 150 
27 54 59 69 
27 54 59 149 
27 54 59 150 
27 54 69 149 
27 54 69 150 
27 54 149 150 
27 55 56 57 
27 55 56 58 
27 55 56 149 
27 55 56 150 
27 55 57 149 
27 55 57 150 
27 55 58 149 
27 55 58 150 
27 55 69 149 
27 55 69 150 
27 55 149 150 
27 56 57 85 
27 56 57 149 
27 56 57 150 
27 56 58 85 
27 56 58 149 
27 56 58 150 
27 56 149 150 
27 57 59 85 
27 57 59 149 
27 57 59 150 
27 57 149 150 
27 58 149 150 
27 59 69 149 
27 59 69 150 
27 59 149 150 
27 69 149 150 
28 52 53 54 
28 52 53 55 
28 52 53 91 
28 52 54 55 
28 52 54 56 
28 52 55 56 
28 53 54 55 
28 53 54 57 
28 53 55 57 
28 54 55 56 
28 54 55 57 
28 54 56 57 
28 55 56 57 
29 52 53 87 
29 52 53 92 
29 52 53 93 
29 52 53 239 
29 52 56 87 
29 52 56 92 
29 52 56 93 
29 52 92 93 
29 52 92 239 
29 52 93 239 
29 53 57 87 
29 53 57 92 
29 53 57 93 
29 53 92 93 
29 53 92 239 
29 53 93 239 
29 56 57 87 
29 56 57 92 
29 56 57 93 
29 56 92 93 
29 57 92 93 
29 92 93 239 
29 92 93 267 
30 52 53 86 
30 52 53 149 
30 52 53 150 
30 52 58 86 
30 52 58 149 
30 52 58 150 
30 52 86 149 
30 52 86 150 
30 52 149 150 
30 53 59 86 
30 53 59 149 
30 53 59 150 
30 53 86 149 
30 53 86 150 
30 53 149 150 
30 58 86 149 
30 58 86 150 
30 58 86 270 
30 58 149 150 
30 59 86 149 
30 59 86 150 
30 59 86 270 
30 59 149 150 
30 86 149 150 
31 52 53 54 
31 52 53 55 
31 52 53 87 
31 52 54 55 
31 52 55 58 
31 52 58 87 
31 53 54 55 
31 53 54 59 
31 53 59 87 
31 54 55 271 
31 54 59 271 
31 55 58 271 
31 58 87 271 
31 59 87 271 
32 52 53 54 
32 52 53 55 
32 52 53 96 
32 52 54 55 
32 52 54 56 
32 52 55 56 
32 53 54 55 
32 53 54 57 
32 53 55 57 
32 54 55 56 
32 54 55 57 
32 54 55 271 
32 54 56 57 
32 55 56 57 
33 52 53 54 
33 52 53 55 
33 52 53 88 
33 52 54 55 
33 52 54 56 
33 52 55 56 
33 52 56 88 
33 53 54 55 
33 53 54 57 
33 53 55 57 
33 53 57 88 
33 54 55 56 
33 54 55 57 
33 54 56 57 
33 54 56 113 
33 55 56 57 
33 55 56 112 
33 56 57 88 
33 56 57 97 
33 56 112 113 
34 52 53 54 
34 52 53 55 
34 52 53 89 
34 52 54 55 
34 52 54 89 
34 52 55 89 
34 53 54 55 
34 53 54 89 
34 53 55 89 
34 54 55 89 
38 44 75 76 
38 45 75 76 
39 44 75 76 
42 52 54 56 
42 52 54 176 
42 54 56 57 
42 54 56 113 
42 56 112 113 
43 53 55 57 
43 53 55 157 
43 53 55 197 
43 53 57 59 
43 53 59 197 
43 55 56 57 
43 55 56 112 
43 55 56 197 
43 55 157 172 
43 56 112 113 
43 56 113 197 
50 52 58 78 
50 52 58 107 
50 52 58 166 
50 52 78 166 
50 58 78 166 
50 78 164 166 
50 78 164 180 
50 107 164 180 
50 164 180 230 
51 165 167 175 
52 53 54 55 
52 53 54 62 
52 53 54 89 
52 53 54 109 
52 53 54 110 
52 53 54 111 
52 53 54 149 
52 53 54 150 
52 53 54 156 
52 53 54 157 
52 53 54 237 
52 53 54 242 
52 53 55 89 
52 53 55 110 
52 53 55 111 
52 53 55 149 
52 53 55 150 
52 53 55 156 
52 53 55 157 
52 53 55 237 
52 53 55 242 
52 53 62 92 
52 53 62 148 
52 53 62 149 
52 53 62 150 
52 53 62 156 
52 53 62 157 
52 53 62 238 
52 53 86 149 
52 53 86 150 
52 53 87 88 
52 53 88 89 
52 53 89 90 
52 53 90 91 
52 53 91 92 
52 53 92 93 
52 53 92 239 
52 53 93 239 
52 53 96 149 
52 53 96 150 
52 53 98 149 
52 53 98 150 
52 53 109 156 
52 53 109 157 
52 53 110 111 
52 53 110 150 
52 53 110 207 
52 53 111 149 
52 53 126 140 
52 53 126 148 
52 53 126 150 
52 53 126 239 
52 53 127 148 
52 53 127 149 
52 53 127 150 
52 53 140 141 
52 53 140 149 
52 53 140 239 
52 53 141 149 
52 53 141 150 
52 53 141 239 
52 53 149 150 
52 53 149 157 
52 53 149 239 
52 53 150 156 
52 53 150 157 
52 53 150 239 
52 53 169 207 
52 53 204 240 
52 53 237 238 
52 53 238 239 
52 53 239 269 
52 53 240 241 
52 53 241 242 
52 53 242 243 
52 53 243 244 
52 54 55 56 
52 54 55 65 
52 54 55 89 
52 54 55 110 
52 54 55 111 
52 54 55 149 
52 54 55 150 
52 54 55 156 
52 54 55 157 
52 54 55 176 
52 54 55 177 
52 54 55 208 
52 54 55 237 
52 54 55 242 
52 54 56 62 
52 54 56 65 
52 54 56 89 
52 54 56 109 
52 54 56 110 
52 54 56 111 
52 54 56 149 
52 54 56 150 
52 54 62 149 
52 54 62 150 
52 54 62 156 
52 54 62 157 
52 54 65 149 
52 54 65 150 
52 54 65 177 
52 54 107 110 
52 54 107 111 
52 54 107 149 
52 54 107 150 
52 54 107 177 
52 54 107 208 
52 54 109 156 
52 54 109 157 
52 54 110 111 
52 54 110 150 
52 54 111 149 
52 54 149 150 
52 54 149 157 
52 54 150 156 
52 54 150 157 
52 54 157 177 
52 55 56 58 
52 55 56 65 
52 55 56 89 
52 55 56 110 
52 55 56 111 
52 55 56 149 
52 55 56 150 
52 55 58 111 
52 55 58 149 
52 55 58 150 
52 55 58 157 
52 55 58 166 
52 55 58 196 
52 55 58 242 
52 55 65 149 
52 55 65 150 
52 55 65 177 
52 55 110 111 
52 55 110 150 
52 55 111 149 
52 55 149 150 
52 55 149 157 
52 55 150 156 
52 55 150 157 
52 55 157 177 
52 55 166 176 
52 56 58 85 
52 56 58 86 
52 56 58 87 
52 56 58 88 
52 56 58 111 
52 56 58 149 
52 56 58 150 
52 56 58 204 
52 56 58 240 
52 56 58 241 
52 56 58 244 
52 56 62 92 
52 56 62 148 
52 56 62 149 
52 56 62 150 
52 56 62 238 
52 56 65 126 
52 56 65 149 
52 56 65 150 
52 56 86 149 
52 56 86 150 
52 56 87 88 
52 56 88 89 
52 56 92 93 
52 56 110 111 
52 56 110 150 
52 56 111 149 
52 56 126 140 
52 56 126 148 
52 56 126 150 
52 56 126 162 
52 56 127 148 
52 56 127 149 
52 56 127 150 
52 56 127 162 
52 56 140 141 
52 56 140 149 
52 56 141 149 
52 56 141 150 
52 56 145 150 
52 56 149 150 
52 56 149 162 
52 56 204 240 
52 56 240 241 
52 56 243 244 
52 58 78 166 
52 58 86 149 
52 58 86 150 
52 58 87 88 
52 58 96 107 
52 58 96 149 
52 58 96 150 
52 58 107 111 
52 58 107 149 
52 58 107 150 
52 58 111 149 
52 58 149 150 
52 58 149 157 
52 58 150 157 
52 58 204 240 
52 58 240 241 
52 58 241 242 
52 62 149 150 
52 62 149 157 
52 62 150 156 
52 62 150 157 
52 65 80 149 
52 65 80 150 
52 65 126 150 
52 65 149 150 
52 80 149 150 
52 86 149 150 
52 92 93 239 
52 96 107 149 
52 96 107 150 
52 96 149 150 
52 98 107 149 
52 98 107 150 
52 98 149 150 
52 107 110 111 
52 107 110 150 
52 107 111 149 
52 107 136 149 
52 107 142 149 
52 107 142 239 
52 107 145 150 
52 107 149 150 
52 107 149 239 
52 107 150 151 
52 107 150 239 
52 107 177 202 
52 107 202 218 
52 126 140 239 
52 126 142 239 
52 126 150 239 
52 126 162 239 
52 127 149 150 
52 127 149 162 
52 140 141 149 
52 140 141 239 
52 140 149 239 
52 141 149 150 
52 141 149 239 
52 141 150 239 
52 142 149 239 
52 149 150 157 
52 149 150 239 
52 149 162 239 
53 54 55 57 
53 54 55 66 
53 54 55 89 
53 54 55 110 
53 54 55 111 
53 54 55 149 
53 54 55 150 
53 54 55 156 
53 54 55 157 
53 54 55 237 
53 54 55 242 
53 54 57 59 
53 54 57 62 
53 54 57 66 
53 54 57 89 
53 54 57 109 
53 54 57 110 
53 54 57 111 
53 54 57 149 
53 54 57 150 
53 54 57 156 
53 54 59 62 
53 54 59 111 
53 54 59 149 
53 54 59 150 
53 54 59 156 
53 54 59 242 
53 54 62 66 
53 54 62 149 
53 54 62 150 
53 54 62 156 
53 54 62 157 
53 54 66 149 
53 54 66 150 
53 54 109 156 
53 54 109 157 
53 54 110 111 
53 54 110 150 
53 54 111 149 
53 54 149 150 
53 54 149 157 
53 54 150 156 
53 54 150 157 
53 55 57 66 
53 55 57 89 
53 55 57 110 
53 55 57 111 
53 55 57 149 
53 55 57 150 
53 55 57 154 
53 55 57 155 
53 55 57 156 
53 55 66 149 
53 55 66 150 
53 55 66 154 
53 55 66 155 
53 55 110 111 
53 55 110 150 
53 55 111 149 
53 55 149 150 
53 55 149 157 
53 55 150 154 
53 55 150 155 
53 55 150 156 
53 55 150 157 
53 55 154 155 
53 57 59 62 
53 57 59 85 
53 57 59 86 
53 57 59 87 
53 57 59 88 
53 57 59 111 
53 57 59 149 
53 57 59 150 
53 57 59 154 
53 57 59 155 
53 57 59 156 
53 57 59 204 
53 57 59 240 
53 57 59 241 
53 57 59 244 
53 57 62 66 
53 57 62 92 
53 57 62 148 
53 57 62 149 
53 57 62 150 
53 57 62 154 
53 57 62 155 
53 57 62 156 
53 57 62 238 
53 57 66 127 
53 57 66 149 
53 57 66 150 
53 57 66 154 
53 57 66 155 
53 57 86 149 
53 57 86 150 
53 57 87 88 
53 57 88 89 
53 57 92 93 
53 57 109 156 
53 57 110 111 
53 57 110 150 
53 57 111 149 
53 57 126 148 
53 57 126 150 
53 57 126 154 
53 57 127 148 
53 57 127 149 
53 57 127 150 
53 57 141 149 
53 57 141 150 
53 57 148 154 
53 57 148 155 
53 57 149 150 
53 57 150 154 
53 57 150 155 
53 57 150 156 
53 57 150 163 
53 57 154 155 
53 57 155 163 
53 57 204 240 
53 57 240 241 
53 57 243 244 
53 59 62 149 
53 59 62 150 
53 59 62 154 
53 59 62 155 
53 59 62 156 
53 59 77 173 
53 59 86 149 
53 59 86 150 
53 59 87 88 
53 59 96 149 
53 59 96 150 
53 59 111 149 
53 59 149 150 
53 59 150 154 
53 59 150 155 
53 59 150 156 
53 59 154 155 
53 59 156 173 
53 59 204 240 
53 59 240 241 
53 59 241 242 
53 62 66 149 
53 62 66 150 
53 62 66 154 
53 62 66 155 
53 62 148 154 
53 62 148 155 
53 62 149 150 
53 62 149 157 
53 62 150 154 
53 62 150 155 
53 62 150 156 
53 62 150 157 
53 62 154 155 
53 66 79 149 
53 66 79 154 
53 66 79 155 
53 66 127 149 
53 66 127 150 
53 66 149 150 
53 66 150 154 
53 66 150 155 
53 66 154 155 
53 79 154 155 
53 86 149 150 
53 92 93 239 
53 96 149 150 
53 98 149 150 
53 109 156 173 
53 126 140 239 
53 126 148 154 
53 126 150 154 
53 126 150 239 
53 127 149 150 
53 140 141 149 
53 140 141 239 
53 140 149 239 
53 141 149 150 
53 141 149 239 
53 141 150 239 
53 148 154 155 
53 149 150 157 
53 149 150 239 
53 150 154 155 
53 150 155 163 
53 150 163 239 
54 55 56 57 
54 55 56 65 
54 55 56 89 
54 55 56 110 
54 55 56 111 
54 55 56 149 
54 55 56 150 
54 55 57 66 
54 55 57 89 
54 55 57 110 
54 55 57 111 
54 55 57 149 
54 55 57 150 
54 55 57 156 
54 55 61 65 
54 55 61 69 
54 55 65 66 
54 55 65 149 
54 55 65 150 
54 55 65 160 
54 55 65 172 
54 55 65 177 
54 55 66 70 
54 55 66 149 
54 55 66 150 
54 55 66 160 
54 55 66 171 
54 55 66 172 
54 55 69 149 
54 55 69 150 
54 55 69 156 
54 55 69 157 
54 55 70 149 
54 55 70 150 
54 55 70 160 
54 55 110 111 
54 55 110 150 
54 55 111 149 
54 55 149 150 
54 55 149 157 
54 55 149 160 
54 55 149 172 
54 55 150 156 
54 55 150 157 
54 55 150 160 
54 55 150 172 
54 55 156 171 
54 55 157 172 
54 55 157 177 
54 55 171 176 
54 55 171 177 
54 55 172 177 
54 56 57 62 
54 56 57 89 
54 56 57 109 
54 56 57 110 
54 56 57 111 
54 56 57 149 
54 56 57 150 
54 56 62 149 
54 56 62 150 
54 56 65 113 
54 56 65 149 
54 56 65 150 
54 56 89 113 
54 56 110 111 
54 56 110 150 
54 56 111 149 
54 56 149 150 
54 57 59 62 
54 57 59 111 
54 57 59 149 
54 57 59 150 
54 57 59 156 
54 57 62 66 
54 57 62 149 
54 57 62 150 
54 57 62 156 
54 57 64 66 
54 57 64 156 
54 57 66 149 
54 57 66 150 
54 57 109 156 
54 57 110 111 
54 57 110 150 
54 57 111 149 
54 57 149 150 
54 57 150 156 
54 59 62 149 
54 59 62 150 
54 59 62 156 
54 59 65 149 
54 59 65 150 
54 59 67 107 
54 59 69 149 
54 59 69 150 
54 59 69 156 
54 59 107 111 
54 59 107 149 
54 59 107 150 
54 59 111 149 
54 59 149 150 
54 59 150 156 
54 60 61 62 
54 60 61 64 
54 60 61 69 
54 60 61 113 
54 60 62 66 
54 60 64 66 
54 60 66 172 
54 60 113 172 
54 61 64 65 
54 61 65 113 
54 62 66 149 
54 62 66 150 
54 62 149 150 
54 62 149 157 
54 62 150 156 
54 62 150 157 
54 64 65 66 
54 64 66 171 
54 64 156 171 
54 65 66 149 
54 65 66 150 
54 65 66 160 
54 65 66 172 
54 65 113 172 
54 65 113 177 
54 65 149 150 
54 65 149 160 
54 65 149 172 
54 65 150 160 
54 65 150 172 
54 65 172 177 
54 66 70 149 
54 66 70 150 
54 66 70 160 
54 66 149 150 
54 66 149 160 
54 66 149 172 
54 66 150 160 
54 66 150 172 
54 67 107 177 
54 69 149 150 
54 69 149 157 
54 69 150 156 
54 69 150 157 
54 70 149 150 
54 70 149 160 
54 70 150 160 
54 107 110 111 
54 107 110 150 
54 107 111 149 
54 107 149 150 
54 107 149 160 
54 107 150 160 
54 113 172 177 
54 149 150 157 
54 149 150 160 
54 149 150 172 
54 149 157 172 
54 150 157 172 
54 157 172 177 
55 56 57 89 
55 56 57 110 
55 56 57 111 
55 56 57 149 
55 56 57 150 
55 56 58 111 
55 56 58 149 
55 56 58 150 
55 56 63 65 
55 56 65 112 
55 56 65 149 
55 56 65 150 
55 56 65 197 
55 56 89 112 
55 56 110 111 
55 56 110 150 
55 56 111 149 
55 56 149 150 
55 57 66 149 
55 57 66 150 
55 57 66 154 
55 57 66 155 
55 57 110 111 
55 57 110 150 
55 57 111 149 
55 57 149 150 
55 57 150 154 
55 57 150 155 
55 57 150 156 
55 57 154 155 
55 58 66 149 
55 58 66 150 
55 58 111 149 
55 58 149 150 
55 58 149 157 
55 58 150 157 
55 61 63 65 
55 61 65 154 
55 61 65 155 
55 61 69 154 
55 61 69 155 
55 61 154 155 
55 63 65 66 
55 63 65 172 
55 63 65 177 
55 63 66 172 
55 63 157 172 
55 63 157 177 
55 63 172 177 
55 65 66 112 
55 65 66 149 
55 65 66 150 
55 65 66 154 
55 65 66 155 
55 65 66 160 
55 65 66 172 
55 65 149 150 
55 65 149 160 
55 65 149 172 
55 65 150 154 
55 65 150 155 
55 65 150 160 
55 65 150 172 
55 65 154 155 
55 65 154 172 
55 65 155 172 
55 65 172 177 
55 66 70 149 
55 66 70 150 
55 66 70 160 
55 66 112 171 
55 66 149 150 
55 66 149 160 
55 66 149 172 
55 66 150 154 
55 66 150 155 
55 66 150 160 
55 66 150 172 
55 66 154 155 
55 66 154 172 
55 66 155 172 
55 69 149 150 
55 69 149 157 
55 69 150 154 
55 69 150 155 
55 69 150 156 
55 69 150 157 
55 69 154 155 
55 70 149 150 
55 70 149 160 
55 70 150 160 
55 112 171 176 
55 149 150 157 
55 149 150 160 
55 149 150 172 
55 149 157 172 
55 150 154 155 
55 150 154 172 
55 150 155 172 
55 150 157 172 
55 154 155 172 
55 154 155 271 
55 157 172 177 
55 197 229 231 
56 57 62 92 
56 57 62 148 
56 57 62 149 
56 57 62 150 
56 57 62 238 
56 57 86 149 
56 57 86 150 
56 57 87 88 
56 57 88 89 
56 57 92 93 
56 57 97 149 
56 57 97 150 
56 57 110 111 
56 57 110 150 
56 57 111 149 
56 57 126 148 
56 57 126 150 
56 57 127 148 
56 57 127 149 
56 57 127 150 
56 57 141 149 
56 57 141 150 
56 57 149 150 
56 57 204 240 
56 57 240 241 
56 57 243 244 
56 58 86 149 
56 58 86 150 
56 58 87 88 
56 58 111 149 
56 58 149 150 
56 58 204 240 
56 58 240 241 
56 62 149 150 
56 65 112 113 
56 65 113 197 
56 65 126 150 
56 65 149 150 
56 86 149 150 
56 89 112 113 
56 97 149 150 
56 112 113 204 
56 112 113 205 
56 112 113 244 
56 113 243 244 
56 127 149 150 
56 127 149 162 
56 140 141 149 
56 141 149 150 
57 59 62 149 
57 59 62 150 
57 59 62 154 
57 59 62 155 
57 59 62 156 
57 59 86 149 
57 59 86 150 
57 59 87 88 
57 59 111 149 
57 59 149 150 
57 59 150 154 
57 59 150 155 
57 59 150 156 
57 59 154 155 
57 59 204 240 
57 59 240 241 
57 62 66 149 
57 62 66 150 
57 62 66 154 
57 62 66 155 
57 62 92 138 
57 62 148 154 
57 62 148 155 
57 62 149 150 
57 62 150 154 
57 62 150 155 
57 62 150 156 
57 62 154 155 
57 66 127 149 
57 66 127 150 
57 66 149 150 
57 66 150 154 
57 66 150 155 
57 66 154 155 
57 86 149 150 
57 97 149 150 
57 126 148 154 
57 126 150 154 
57 127 149 150 
57 141 149 150 
57 148 154 155 
57 150 154 155 
57 150 155 163 
58 66 149 150 
58 67 108 173 
58 77 78 173 
58 78 166 173 
58 82 129 167 
58 82 129 181 
58 82 167 181 
58 82 167 233 
58 84 129 181 
58 86 149 150 
58 96 107 149 
58 96 107 150 
58 96 149 150 
58 107 111 149 
58 107 149 150 
58 129 167 181 
58 149 150 157 
58 167 181 235 
58 240 241 270 
59 62 149 150 
59 62 150 154 
59 62 150 155 
59 62 150 156 
59 62 154 155 
59 65 149 150 
59 65 149 181 
59 65 150 154 
59 65 150 155 
59 65 154 155 
59 67 108 173 
59 67 108 174 
59 69 86 149 
59 69 86 150 
59 69 149 150 
59 69 149 181 
59 69 150 154 
59 69 150 155 
59 69 150 156 
59 69 154 155 
59 81 128 166 
59 81 128 232 
59 81 166 181 
59 81 166 232 
59 86 149 150 
59 96 107 149 
59 96 107 150 
59 96 149 150 
59 107 111 149 
59 107 149 150 
59 128 166 232 
59 150 154 155 
59 154 155 271 
59 166 181 234 
59 240 241 270 
60 61 62 158 
60 61 64 158 
60 61 69 158 
60 61 113 263 
60 61 262 263 
60 62 66 158 
60 62 138 158 
60 64 66 158 
60 64 138 158 
60 66 112 158 
60 112 113 263 
61 62 154 155 
61 63 64 65 
61 63 65 159 
61 65 113 155 
61 65 113 159 
61 65 154 155 
61 69 154 155 
62 66 149 150 
62 66 150 154 
62 66 150 155 
62 66 154 155 
62 108 157 158 
62 138 139 158 
62 148 154 155 
62 149 150 157 
62 150 154 155 
63 64 65 66 
63 65 66 172 
63 65 159 172 
63 65 172 177 
63 157 172 177 
64 138 139 158 
65 66 149 150 
65 66 149 160 
65 66 149 172 
65 66 150 154 
65 66 150 155 
65 66 150 160 
65 66 150 172 
65 66 154 155 
65 66 154 172 
65 66 155 172 
65 80 113 155 
65 80 149 150 
65 80 150 154 
65 80 150 155 
65 80 154 155 
65 113 155 172 
65 113 159 172 
65 113 172 177 
65 126 150 154 
65 149 150 160 
65 149 150 172 
65 150 154 155 
65 150 154 172 
65 150 155 163 
65 150 155 172 
65 154 155 172 
66 70 79 149 
66 70 149 150 
66 70 149 160 
66 70 150 160 
66 79 154 155 
66 127 149 150 
66 127 149 160 
66 127 149 162 
66 127 150 160 
66 149 150 160 
66 149 150 172 
66 150 154 155 
66 150 154 172 
66 150 155 172 
66 154 155 172 
67 107 136 137 
67 107 136 153 
67 107 137 153 
67 107 177 201 
67 108 109 159 
67 108 109 173 
67 108 109 174 
67 108 109 194 
67 108 109 195 
67 108 173 194 
67 109 173 194 
67 136 137 153 
67 176 181 187 
67 176 187 195 
67 177 181 187 
67 177 187 195 
68 107 136 137 
68 107 136 153 
68 107 136 160 
68 107 137 153 
68 107 137 160 
68 107 153 160 
68 108 109 158 
68 108 109 174 
68 108 109 194 
68 108 109 195 
68 136 137 153 
68 136 137 160 
68 136 153 160 
68 137 153 160 
68 176 181 222 
68 177 181 221 
68 177 181 222 
68 181 221 223 
69 86 149 150 
69 101 154 155 
69 101 154 261 
69 101 155 261 
69 101 159 261 
69 108 157 158 
69 149 150 157 
69 150 154 155 
69 150 155 163 
69 154 155 261 
69 154 155 268 
70 80 149 150 
70 149 150 160 
70 149 150 170 
70 149 153 160 
78 124 164 175 
78 164 166 175 
80 150 154 155 
81 114 116 188 
81 114 178 224 
81 128 166 232 
81 128 188 232 
81 130 175 178 
82 115 117 189 
82 115 129 189 
82 117 184 189 
82 129 167 181 
82 184 189 233 
82 189 225 233 
83 118 128 184 
83 118 132 178 
83 132 175 178 
84 119 125 133 
84 119 125 179 
84 119 129 185 
84 119 133 179 
84 125 133 175 
84 125 133 179 
84 125 165 175 
84 125 175 179 
84 125 179 227 
84 133 175 179 
91 92 106 267 
92 93 106 239 
92 93 106 267 
92 93 106 268 
92 93 239 268 
92 106 239 268 
93 106 239 268 
95 107 149 150 
95 107 149 160 
95 107 150 160 
95 149 150 160 
96 107 149 150 
96 107 149 160 
96 107 150 160 
96 149 150 160 
97 107 149 150 
98 107 149 150 
100 107 149 150 
100 107 149 239 
100 107 150 239 
100 149 150 239 
101 154 155 261 
101 159 261 265 
101 236 240 248 
101 236 240 265 
101 236 248 265 
101 240 241 248 
101 240 241 270 
101 240 248 265 
101 240 248 270 
101 240 251 270 
101 241 248 270 
101 259 261 265 
102 154 155 260 
102 154 155 261 
102 154 155 271 
102 154 155 272 
102 154 260 261 
102 154 260 272 
102 154 261 271 
102 154 261 272 
102 155 260 261 
102 155 260 272 
102 155 261 271 
102 155 261 272 
102 260 261 272 
107 136 137 153 
107 136 137 160 
107 136 149 153 
107 136 149 160 
107 136 153 160 
107 137 145 150 
107 137 150 160 
107 137 153 160 
107 142 143 239 
107 142 149 239 
107 143 150 239 
107 149 150 160 
107 149 150 239 
107 149 150 250 
107 149 153 160 
107 149 239 250 
107 150 239 250 
107 164 165 180 
108 109 157 158 
108 109 157 174 
108 109 173 194 
108 109 262 263 
113 155 260 261 
113 259 260 261 
114 120 178 224 
116 122 186 187 
117 123 186 229 
117 165 184 187 
117 165 184 188 
117 165 184 189 
117 165 185 186 
117 165 185 188 
117 165 186 187 
117 165 187 231 
117 186 187 229 
117 187 229 231 
118 124 132 178 
119 125 133 179 
124 132 175 178 
125 133 175 179 
125 133 175 192 
125 133 179 231 
127 149 150 160 
128 185 188 232 
129 167 181 221 
129 181 186 187 
129 181 221 223 
136 137 153 160 
136 149 153 160 
138 139 140 141 
140 141 149 239 
141 149 150 239 
149 150 157 172 
149 150 239 250 
150 154 155 172 
154 155 161 261 
154 155 260 261 
154 155 260 272 
154 155 261 271 
154 155 261 272 
154 260 261 272 
155 260 261 272 
164 165 182 186 
164 165 182 188 
164 165 182 222 
164 165 183 184 
164 165 183 187 
164 165 183 189 
164 165 183 221 
164 165 183 223 
164 165 184 187 
164 165 184 188 
164 165 184 189 
164 165 184 223 
164 165 185 186 
164 165 185 188 
164 165 186 187 
164 165 221 223 
164 166 175 234 
164 166 223 234 
164 183 184 187 
164 183 184 189 
164 183 184 223 
164 183 221 223 
164 184 189 234 
164 184 223 234 
165 167 175 235 
165 183 184 187 
165 183 184 189 
165 183 184 223 
165 183 221 223 
165 184 188 235 
165 185 188 235 
166 181 223 234 
167 177 181 221 
168 183 221 223 
176 181 186 187 
177 181 186 187 
181 184 223 234 
186 187 194 197 
186 187 197 229 
187 197 229 231 
236 240 248 265 
240 241 248 270 
259 260 261 265 
