1 3 
1 5 
1 11 
1 13 
1 53 
1 54 
1 55 
1 58 
1 66 
1 71 
1 111 
1 156 
1 176 
1 178 
1 196 
2 4 
2 6 
2 12 
2 43 
2 54 
2 55 
2 58 
2 65 
2 169 
2 177 
2 179 
2 183 
2 197 
2 223 
3 4 
3 52 
3 53 
3 58 
3 79 
3 80 
3 81 
3 110 
3 116 
3 122 
3 128 
3 164 
3 171 
3 173 
3 174 
3 175 
3 182 
3 183 
3 186 
3 196 
3 198 
3 210 
3 214 
3 218 
3 228 
4 52 
4 53 
4 57 
4 59 
4 66 
4 68 
4 70 
4 80 
4 82 
4 110 
4 111 
4 123 
4 129 
4 173 
4 174 
4 175 
4 187 
4 197 
4 203 
5 19 
5 42 
5 50 
5 73 
5 132 
5 164 
5 180 
5 219 
6 18 
6 20 
6 38 
6 43 
6 51 
6 63 
6 72 
6 74 
6 157 
6 165 
6 174 
6 175 
6 180 
6 217 
6 220 
6 231 
7 11 
7 13 
7 21 
7 39 
7 42 
7 52 
7 53 
7 54 
7 56 
7 57 
7 65 
7 66 
7 73 
7 83 
7 132 
7 178 
7 208 
7 221 
8 12 
8 13 
8 39 
8 43 
8 53 
8 54 
8 55 
8 56 
8 57 
8 64 
8 66 
8 76 
8 129 
8 149 
8 168 
8 169 
9 17 
9 39 
9 71 
10 16 
10 18 
10 39 
10 72 
11 14 
11 17 
11 19 
11 38 
11 39 
11 40 
11 42 
11 48 
11 75 
11 76 
11 112 
11 158 
11 171 
12 13 
12 15 
12 20 
12 39 
12 41 
12 43 
12 45 
12 49 
12 72 
12 75 
12 76 
12 159 
12 172 
13 19 
13 20 
13 38 
13 39 
13 41 
13 43 
13 49 
13 53 
13 55 
13 58 
13 73 
13 75 
13 76 
13 108 
13 109 
13 110 
13 111 
13 113 
13 164 
13 166 
13 176 
13 177 
13 195 
13 196 
13 200 
13 201 
13 207 
13 221 
13 248 
14 22 
14 40 
14 48 
14 55 
14 56 
14 57 
14 59 
14 60 
14 61 
14 63 
14 64 
14 65 
14 158 
14 171 
14 219 
15 41 
15 47 
15 49 
15 57 
15 60 
15 61 
15 66 
15 112 
15 113 
15 172 
15 197 
16 38 
16 41 
16 51 
16 77 
16 166 
16 167 
17 39 
17 40 
17 78 
17 166 
17 170 
18 20 
18 38 
18 39 
18 51 
18 72 
18 76 
18 112 
18 165 
18 167 
19 38 
19 44 
19 59 
19 71 
19 73 
19 107 
19 112 
19 113 
19 164 
19 173 
19 175 
19 176 
19 180 
19 217 
19 219 
20 58 
20 59 
20 72 
20 74 
20 107 
20 112 
20 113 
20 165 
20 173 
20 174 
20 175 
20 177 
20 180 
20 218 
20 220 
21 58 
21 59 
21 187 
22 57 
22 58 
22 79 
22 81 
22 83 
22 149 
22 150 
22 171 
22 185 
22 196 
22 207 
23 80 
23 82 
23 84 
23 150 
23 184 
23 209 
24 173 
24 196 
24 202 
24 218 
25 174 
25 197 
25 199 
25 203 
25 217 
25 222 
26 52 
26 53 
26 54 
26 55 
26 56 
26 57 
26 64 
26 65 
26 77 
26 78 
26 107 
26 149 
26 150 
26 156 
26 157 
26 164 
26 165 
26 180 
26 230 
27 52 
27 53 
27 54 
27 55 
27 56 
27 57 
27 58 
27 59 
27 69 
27 85 
27 94 
27 149 
27 150 
27 265 
28 52 
28 53 
28 54 
28 55 
28 56 
28 57 
28 91 
28 100 
28 266 
28 277 
29 52 
29 53 
29 56 
29 57 
29 87 
29 92 
29 93 
29 100 
29 239 
29 266 
29 267 
30 52 
30 53 
30 58 
30 59 
30 86 
30 94 
30 149 
30 150 
30 270 
31 52 
31 53 
31 54 
31 55 
31 58 
31 59 
31 87 
31 95 
31 270 
31 271 
32 52 
32 53 
32 54 
32 55 
32 56 
32 57 
32 96 
32 271 
32 272 
33 52 
33 53 
33 54 
33 55 
33 56 
33 57 
33 88 
33 97 
33 112 
33 113 
33 272 
33 273 
34 52 
34 53 
34 54 
34 55 
34 89 
34 97 
34 273 
34 274 
35 98 
35 274 
35 275 
36 90 
36 98 
36 275 
36 276 
37 99 
37 276 
37 277 
38 44 
38 45 
38 71 
38 72 
38 75 
38 76 
38 165 
39 44 
39 72 
39 75 
39 76 
40 48 
40 71 
41 74 
41 84 
42 48 
42 52 
42 54 
42 56 
42 57 
42 112 
42 113 
42 164 
42 176 
42 178 
42 180 
43 45 
43 53 
43 55 
43 56 
43 57 
43 59 
43 112 
43 113 
43 157 
43 165 
43 172 
43 197 
44 48 
44 75 
44 76 
45 75 
45 76 
46 48 
46 158 
47 49 
47 112 
47 113 
47 159 
48 112 
48 158 
48 196 
49 72 
49 159 
50 52 
50 57 
50 58 
50 78 
50 107 
50 120 
50 164 
50 166 
50 180 
50 230 
51 53 
51 59 
51 107 
51 165 
51 167 
51 175 
51 231 
52 53 
52 54 
52 55 
52 56 
52 58 
52 62 
52 65 
52 75 
52 78 
52 80 
52 85 
52 86 
52 87 
52 88 
52 89 
52 90 
52 91 
52 92 
52 93 
52 96 
52 98 
52 107 
52 109 
52 110 
52 111 
52 126 
52 127 
52 136 
52 140 
52 141 
52 142 
52 145 
52 148 
52 149 
52 150 
52 151 
52 156 
52 157 
52 162 
52 166 
52 168 
52 169 
52 176 
52 177 
52 196 
52 200 
52 202 
52 204 
52 206 
52 207 
52 208 
52 218 
52 235 
52 237 
52 238 
52 239 
52 240 
52 241 
52 242 
52 243 
52 244 
52 269 
53 54 
53 55 
53 57 
53 59 
53 62 
53 66 
53 77 
53 79 
53 85 
53 86 
53 87 
53 88 
53 89 
53 90 
53 91 
53 92 
53 93 
53 96 
53 98 
53 109 
53 110 
53 111 
53 126 
53 127 
53 137 
53 140 
53 141 
53 148 
53 149 
53 150 
53 152 
53 154 
53 155 
53 156 
53 157 
53 163 
53 167 
53 168 
53 169 
53 173 
53 197 
53 201 
53 203 
53 204 
53 205 
53 207 
53 217 
53 237 
53 238 
53 239 
53 240 
53 241 
53 242 
53 243 
53 244 
53 269 
54 55 
54 56 
54 57 
54 59 
54 60 
54 61 
54 62 
54 64 
54 65 
54 66 
54 67 
54 69 
54 70 
54 73 
54 89 
54 107 
54 109 
54 110 
54 111 
54 113 
54 149 
54 150 
54 156 
54 157 
54 160 
54 171 
54 172 
54 176 
54 177 
54 208 
54 228 
54 230 
54 231 
54 237 
54 242 
54 245 
54 271 
55 56 
55 57 
55 58 
55 61 
55 63 
55 65 
55 66 
55 69 
55 70 
55 74 
55 89 
55 110 
55 111 
55 112 
55 149 
55 150 
55 154 
55 155 
55 156 
55 157 
55 160 
55 166 
55 171 
55 172 
55 176 
55 177 
55 196 
55 197 
55 208 
55 229 
55 231 
55 234 
55 237 
55 242 
55 245 
55 271 
56 57 
56 58 
56 62 
56 63 
56 65 
56 85 
56 86 
56 87 
56 88 
56 89 
56 92 
56 93 
56 97 
56 109 
56 110 
56 111 
56 112 
56 113 
56 126 
56 127 
56 140 
56 141 
56 145 
56 148 
56 149 
56 150 
56 162 
56 197 
56 204 
56 205 
56 238 
56 240 
56 241 
56 243 
56 244 
57 59 
57 62 
57 64 
57 66 
57 85 
57 86 
57 87 
57 88 
57 89 
57 92 
57 93 
57 97 
57 109 
57 110 
57 111 
57 126 
57 127 
57 138 
57 141 
57 148 
57 149 
57 150 
57 154 
57 155 
57 156 
57 163 
57 166 
57 204 
57 206 
57 238 
57 240 
57 241 
57 243 
57 244 
58 66 
58 67 
58 77 
58 78 
58 82 
58 84 
58 85 
58 86 
58 87 
58 88 
58 96 
58 107 
58 108 
58 111 
58 117 
58 122 
58 129 
58 149 
58 150 
58 157 
58 166 
58 167 
58 173 
58 181 
58 196 
58 204 
58 205 
58 207 
58 230 
58 233 
58 235 
58 236 
58 240 
58 241 
58 242 
58 244 
58 270 
58 271 
59 62 
59 65 
59 67 
59 69 
59 77 
59 81 
59 83 
59 85 
59 86 
59 87 
59 88 
59 96 
59 107 
59 108 
59 111 
59 116 
59 128 
59 129 
59 149 
59 150 
59 154 
59 155 
59 156 
59 166 
59 173 
59 174 
59 181 
59 197 
59 204 
59 206 
59 231 
59 232 
59 233 
59 234 
59 236 
59 240 
59 241 
59 242 
59 244 
59 270 
59 271 
60 61 
60 62 
60 64 
60 66 
60 69 
60 112 
60 113 
60 136 
60 138 
60 158 
60 172 
60 248 
60 262 
60 263 
60 267 
61 62 
61 63 
61 64 
61 65 
61 69 
61 113 
61 137 
61 154 
61 155 
61 158 
61 159 
61 262 
61 263 
61 267 
62 66 
62 92 
62 108 
62 138 
62 139 
62 148 
62 149 
62 150 
62 154 
62 155 
62 156 
62 157 
62 158 
62 159 
62 238 
63 64 
63 65 
63 66 
63 74 
63 79 
63 80 
63 138 
63 157 
63 159 
63 172 
63 177 
63 180 
63 218 
63 220 
63 265 
64 65 
64 66 
64 138 
64 139 
64 143 
64 156 
64 158 
64 171 
64 173 
64 180 
64 217 
64 219 
64 265 
65 66 
65 80 
65 112 
65 113 
65 126 
65 149 
65 150 
65 154 
65 155 
65 159 
65 160 
65 163 
65 172 
65 177 
65 181 
65 197 
65 206 
66 70 
66 79 
66 112 
66 127 
66 149 
66 150 
66 154 
66 155 
66 158 
66 160 
66 162 
66 171 
66 172 
66 205 
66 230 
67 70 
67 107 
67 108 
67 109 
67 136 
67 137 
67 153 
67 159 
67 173 
67 174 
67 176 
67 177 
67 181 
67 187 
67 194 
67 195 
67 201 
67 212 
68 107 
68 108 
68 109 
68 136 
68 137 
68 153 
68 156 
68 158 
68 160 
68 174 
68 176 
68 177 
68 181 
68 194 
68 195 
68 200 
68 218 
68 221 
68 222 
68 223 
69 86 
69 101 
69 106 
69 108 
69 149 
69 150 
69 154 
69 155 
69 156 
69 157 
69 158 
69 159 
69 163 
69 181 
69 204 
69 206 
69 261 
69 264 
69 268 
70 79 
70 80 
70 85 
70 149 
70 150 
70 153 
70 160 
70 170 
70 215 
71 73 
72 74 
72 172 
72 180 
73 112 
73 113 
73 164 
73 218 
74 112 
74 165 
74 180 
74 220 
75 76 
75 164 
77 78 
77 165 
77 167 
77 173 
77 174 
78 124 
78 164 
78 166 
78 173 
78 174 
78 175 
78 180 
79 112 
79 149 
79 154 
79 155 
79 200 
79 224 
80 82 
80 113 
80 149 
80 150 
80 154 
80 155 
80 201 
80 208 
80 225 
81 114 
81 116 
81 128 
81 130 
81 166 
81 168 
81 169 
81 175 
81 178 
81 181 
81 188 
81 196 
81 199 
81 210 
81 217 
81 224 
81 228 
81 232 
82 115 
82 117 
82 121 
82 129 
82 131 
82 167 
82 168 
82 169 
82 175 
82 181 
82 184 
82 189 
82 197 
82 198 
82 209 
82 218 
82 225 
82 229 
82 233 
83 118 
83 128 
83 132 
83 168 
83 169 
83 175 
83 178 
83 181 
83 184 
83 198 
83 211 
83 226 
84 119 
84 125 
84 129 
84 133 
84 165 
84 168 
84 169 
84 175 
84 179 
84 181 
84 182 
84 185 
84 199 
84 212 
84 227 
85 101 
85 265 
85 270 
86 101 
86 149 
86 150 
86 265 
86 270 
86 271 
87 88 
87 102 
87 271 
87 272 
88 89 
88 103 
88 272 
88 273 
88 274 
89 90 
89 104 
89 112 
89 113 
89 274 
89 275 
90 91 
90 104 
90 113 
90 276 
90 277 
91 92 
91 105 
91 106 
91 266 
91 267 
92 93 
92 106 
92 108 
92 138 
92 239 
92 267 
92 268 
93 106 
93 134 
93 143 
93 160 
93 239 
93 267 
93 268 
94 101 
94 265 
94 270 
94 271 
94 272 
95 101 
95 102 
95 107 
95 149 
95 150 
95 160 
95 270 
95 271 
95 272 
95 273 
96 102 
96 103 
96 107 
96 149 
96 150 
96 160 
96 271 
96 272 
96 273 
96 274 
97 103 
97 104 
97 107 
97 149 
97 150 
97 272 
97 273 
97 274 
97 275 
98 104 
98 105 
98 107 
98 113 
98 149 
98 150 
98 273 
98 274 
98 275 
98 276 
99 105 
99 106 
99 274 
99 275 
99 276 
99 277 
100 106 
100 107 
100 149 
100 150 
100 239 
100 266 
100 267 
100 276 
100 277 
101 154 
101 155 
101 158 
101 159 
101 236 
101 240 
101 241 
101 248 
101 251 
101 259 
101 261 
101 265 
101 270 
102 154 
102 155 
102 156 
102 157 
102 241 
102 242 
102 251 
102 252 
102 253 
102 260 
102 261 
102 264 
102 271 
102 272 
103 243 
103 244 
103 253 
103 254 
103 255 
103 261 
103 264 
103 273 
103 274 
104 245 
104 246 
104 255 
104 256 
104 257 
104 261 
104 262 
104 264 
104 275 
104 276 
105 237 
105 247 
105 249 
105 257 
105 258 
105 264 
105 266 
105 277 
106 108 
106 134 
106 135 
106 170 
106 238 
106 239 
106 249 
106 250 
106 267 
106 268 
107 110 
107 111 
107 136 
107 137 
107 138 
107 139 
107 142 
107 143 
107 145 
107 149 
107 150 
107 151 
107 152 
107 153 
107 160 
107 164 
107 165 
107 177 
107 180 
107 201 
107 202 
107 203 
107 208 
107 217 
107 218 
107 219 
107 220 
107 239 
107 248 
107 250 
108 109 
108 134 
108 157 
108 158 
108 159 
108 173 
108 174 
108 175 
108 193 
108 194 
108 195 
108 218 
108 262 
108 263 
109 156 
109 157 
109 158 
109 159 
109 166 
109 173 
109 174 
109 194 
109 195 
109 262 
109 263 
110 111 
110 150 
110 207 
111 149 
111 248 
112 113 
112 144 
112 158 
112 171 
112 176 
112 180 
112 204 
112 205 
112 244 
112 260 
112 263 
113 145 
113 155 
113 159 
113 172 
113 177 
113 197 
113 204 
113 205 
113 243 
113 244 
113 259 
113 260 
113 261 
113 263 
113 264 
114 116 
114 120 
114 160 
114 178 
114 188 
114 224 
115 117 
115 121 
115 129 
115 160 
115 179 
115 189 
116 118 
116 122 
116 184 
116 186 
116 187 
116 188 
116 189 
116 192 
116 228 
117 119 
117 123 
117 165 
117 184 
117 185 
117 186 
117 187 
117 188 
117 189 
117 191 
117 227 
117 229 
117 231 
118 124 
118 128 
118 132 
118 160 
118 178 
118 184 
118 234 
119 125 
119 129 
119 133 
119 160 
119 179 
119 185 
119 235 
120 130 
120 166 
120 178 
120 191 
120 192 
120 224 
121 169 
121 175 
121 179 
121 190 
121 191 
121 192 
121 225 
122 130 
122 132 
122 168 
122 175 
122 186 
122 187 
122 192 
122 193 
122 230 
123 129 
123 131 
123 133 
123 175 
123 186 
123 191 
123 193 
123 227 
123 229 
124 132 
124 164 
124 175 
124 178 
124 191 
124 192 
124 193 
124 226 
125 133 
125 165 
125 175 
125 179 
125 191 
125 192 
125 193 
125 227 
125 231 
126 140 
126 142 
126 148 
126 150 
126 154 
126 162 
126 239 
127 143 
127 148 
127 149 
127 150 
127 160 
127 162 
128 166 
128 184 
128 185 
128 186 
128 188 
128 191 
128 201 
128 221 
128 222 
128 223 
128 232 
129 167 
129 181 
129 185 
129 186 
129 187 
129 189 
129 192 
129 202 
129 221 
129 222 
129 223 
130 169 
130 175 
130 178 
130 185 
130 215 
131 168 
131 169 
131 175 
131 179 
131 184 
131 199 
131 216 
132 168 
132 175 
132 178 
132 189 
132 213 
133 169 
133 175 
133 179 
133 188 
133 192 
133 214 
133 231 
134 155 
136 137 
136 149 
136 153 
136 160 
136 247 
137 145 
137 150 
137 153 
137 160 
137 247 
138 139 
138 140 
138 141 
138 158 
139 140 
139 141 
139 158 
140 141 
140 149 
140 239 
141 149 
141 150 
141 239 
142 143 
142 149 
142 239 
143 150 
143 239 
145 150 
146 200 
146 219 
146 220 
147 201 
147 219 
147 220 
148 154 
148 155 
149 150 
149 152 
149 153 
149 157 
149 160 
149 162 
149 170 
149 172 
149 181 
149 215 
149 239 
149 250 
149 252 
149 253 
149 254 
149 255 
149 256 
149 257 
150 151 
150 154 
150 155 
150 156 
150 157 
150 160 
150 163 
150 170 
150 172 
150 216 
150 239 
150 250 
150 252 
150 253 
150 254 
150 255 
150 256 
150 257 
151 152 
153 160 
154 155 
154 161 
154 162 
154 172 
154 260 
154 261 
154 268 
154 271 
154 272 
155 161 
155 163 
155 172 
155 260 
155 261 
155 268 
155 271 
155 272 
156 159 
156 171 
156 173 
157 158 
157 165 
157 172 
157 174 
157 177 
158 196 
158 264 
158 265 
159 172 
159 261 
159 265 
160 178 
160 179 
160 204 
161 162 
161 163 
161 261 
162 163 
162 239 
163 239 
164 165 
164 166 
164 175 
164 180 
164 182 
164 183 
164 184 
164 185 
164 186 
164 187 
164 188 
164 189 
164 209 
164 221 
164 222 
164 223 
164 230 
164 234 
165 167 
165 175 
165 180 
165 182 
165 183 
165 184 
165 185 
165 186 
165 187 
165 188 
165 189 
165 201 
165 209 
165 210 
165 211 
165 221 
165 222 
165 223 
165 231 
165 235 
166 173 
166 175 
166 176 
166 181 
166 190 
166 223 
166 232 
166 234 
167 174 
167 175 
167 177 
167 181 
167 190 
167 221 
167 233 
167 235 
168 176 
168 177 
168 183 
168 195 
168 217 
168 221 
168 222 
168 223 
168 230 
169 207 
169 218 
169 221 
169 222 
169 223 
169 228 
169 229 
169 231 
170 190 
171 176 
171 177 
172 177 
172 179 
173 180 
173 194 
173 199 
173 230 
174 180 
174 198 
174 231 
175 178 
175 179 
175 192 
175 193 
175 234 
175 235 
176 181 
176 186 
176 187 
176 195 
176 200 
176 201 
176 202 
176 203 
176 222 
176 248 
177 181 
177 186 
177 187 
177 195 
177 200 
177 201 
177 202 
177 203 
177 221 
177 222 
178 224 
178 226 
179 225 
179 227 
179 231 
180 197 
180 230 
180 231 
181 184 
181 186 
181 187 
181 207 
181 221 
181 222 
181 223 
181 234 
181 235 
182 186 
182 188 
182 201 
182 212 
182 220 
182 222 
183 184 
183 187 
183 189 
183 193 
183 200 
183 211 
183 221 
183 223 
184 187 
184 188 
184 189 
184 223 
184 233 
184 234 
184 235 
185 186 
185 188 
185 224 
185 228 
185 232 
185 235 
186 187 
186 194 
186 196 
186 197 
186 229 
187 194 
187 195 
187 196 
187 197 
187 198 
187 229 
187 231 
188 196 
188 197 
188 227 
188 232 
188 235 
189 197 
189 216 
189 225 
189 233 
189 234 
190 217 
190 218 
190 225 
191 224 
191 226 
192 199 
192 225 
192 226 
192 227 
193 219 
193 220 
193 222 
193 226 
193 227 
194 197 
194 201 
194 207 
194 248 
195 202 
196 199 
196 200 
196 201 
196 211 
196 215 
196 219 
196 230 
197 229 
197 231 
198 208 
199 208 
200 219 
200 248 
201 220 
201 248 
202 218 
202 222 
203 217 
203 221 
204 240 
204 248 
209 229 
211 228 
212 229 
212 231 
215 234 
215 235 
216 235 
217 229 
218 228 
221 223 
221 232 
221 233 
222 232 
222 233 
223 234 
225 233 
228 230 
229 231 
236 240 
236 248 
236 265 
237 238 
237 247 
238 239 
238 266 
238 267 
239 250 
239 268 
239 269 
240 241 
240 248 
240 251 
240 265 
240 270 
241 242 
241 248 
241 270 
241 271 
242 243 
242 272 
243 244 
243 272 
243 273 
244 245 
245 246 
245 274 
245 275 
246 247 
247 276 
247 277 
248 265 
248 270 
251 260 
251 270 
251 271 
259 260 
259 261 
259 265 
260 261 
260 265 
260 272 
261 262 
261 263 
261 265 
261 270 
261 271 
261 272 
261 273 
261 274 
261 275 
262 263 
263 264 
264 266 
264 267 
264 268 
264 269 
264 275 
264 276 
264 277 
