1
2
3
4
5
6
7
8
9
10
11
12
13
14
15
16
17
18
19
20
1 2 
1 17 
1 19 
1 20 
2 6 
2 16 
2 18 
2 19 
2 20 
5 10 
5 11 
5 16 
5 17 
6 2 
6 3 
8 1 
8 9 
8 11 
8 12 
8 14 
8 18 
9 2 
9 7 
9 8 
9 10 
9 13 
9 15 
9 18 
10 1 
10 2 
10 3 
10 6 
10 8 
10 11 
10 12 
10 16 
10 17 
10 18 
10 20 
11 1 
11 2 
11 6 
11 9 
11 10 
11 13 
11 17 
11 19 
12 1 
12 8 
12 11 
12 13 
12 14 
12 18 
12 19 
13 2 
13 9 
13 10 
13 12 
13 15 
13 18 
13 20 
14 2 
14 3 
14 8 
14 11 
15 1 
15 3 
15 5 
15 7 
15 9 
15 10 
15 18 
16 2 
16 17 
16 18 
16 20 
17 1 
17 5 
17 16 
17 19 
18 16 
18 17 
19 2 
19 20 
20 1 
20 16 
20 17 
20 19 
1 2 19 
1 2 20 
10 1 2 
11 1 2 
1 19 2 
1 17 19 
1 20 17 
20 1 17 
1 19 20 
1 20 19 
20 1 19 
8 11 1 
8 12 1 
10 8 1 
12 8 1 
10 11 1 
10 12 1 
10 1 17 
10 17 1 
10 1 20 
10 20 1 
11 10 1 
15 10 1 
11 1 17 
11 17 1 
11 1 19 
12 11 1 
12 1 19 
17 1 19 
20 17 1 
10 2 6 
11 2 6 
2 16 18 
2 16 20 
2 18 16 
2 20 16 
2 19 20 
2 20 19 
10 6 2 
11 6 2 
9 10 2 
9 13 2 
9 2 18 
11 9 2 
13 9 2 
10 11 2 
10 2 16 
10 16 2 
10 2 18 
10 2 20 
11 10 2 
13 10 2 
11 13 2 
11 2 19 
11 19 2 
14 11 2 
13 2 18 
13 2 20 
16 2 18 
16 2 20 
19 2 20 
10 6 3 
15 10 3 
5 10 11 
5 10 16 
5 10 17 
5 11 10 
15 5 10 
5 11 17 
5 16 17 
5 17 16 
17 5 16 
10 11 6 
11 10 6 
9 15 7 
15 9 7 
8 9 18 
8 11 9 
8 12 11 
12 8 11 
8 14 11 
14 8 11 
8 12 14 
8 12 18 
9 10 8 
9 8 18 
10 8 11 
10 8 12 
10 12 8 
10 8 18 
12 8 14 
12 14 8 
12 8 18 
9 10 18 
11 9 10 
9 13 10 
13 9 10 
9 15 10 
15 9 10 
9 13 15 
9 13 18 
9 15 18 
11 9 13 
11 13 9 
13 9 15 
13 15 9 
13 9 18 
15 9 18 
10 11 17 
10 12 11 
10 12 18 
13 10 12 
10 16 17 
10 16 18 
10 16 20 
10 17 16 
10 18 16 
10 20 16 
10 18 17 
10 20 17 
11 13 10 
11 10 17 
13 15 10 
13 10 18 
13 10 20 
15 10 18 
11 17 19 
12 11 13 
12 14 11 
12 11 19 
12 13 18 
13 12 18 
13 15 18 
16 18 17 
18 16 17 
16 20 17 
20 16 17 
18 17 16 
20 17 16 
20 17 19 
1 2 19 20 
1 2 20 19 
10 11 1 2 
11 10 1 2 
10 1 2 20 
11 1 2 19 
11 1 19 2 
1 19 2 20 
1 20 17 19 
20 1 17 19 
8 12 11 1 
12 8 11 1 
10 8 11 1 
10 8 12 1 
10 12 8 1 
10 12 11 1 
10 11 1 17 
10 11 17 1 
10 1 20 17 
10 20 1 17 
10 20 17 1 
11 10 1 17 
11 10 17 1 
11 1 17 19 
11 17 1 19 
12 11 1 19 
20 17 1 19 
10 11 2 6 
11 10 2 6 
10 11 6 2 
11 10 6 2 
11 9 10 2 
9 13 10 2 
13 9 10 2 
9 10 2 18 
9 13 2 18 
11 9 13 2 
11 13 9 2 
13 9 2 18 
10 2 16 18 
10 2 18 16 
10 2 16 20 
10 2 20 16 
10 16 2 18 
10 16 2 20 
11 13 10 2 
13 10 2 18 
13 10 2 20 
5 10 11 17 
5 10 16 17 
5 10 17 16 
5 11 10 17 
8 12 14 11 
12 8 14 11 
12 14 8 11 
9 10 8 18 
10 8 12 11 
10 12 8 11 
10 8 12 18 
10 12 8 18 
11 9 13 10 
11 13 9 10 
9 13 15 10 
9 13 10 18 
13 9 15 10 
13 15 9 10 
13 9 10 18 
9 15 10 18 
15 9 10 18 
9 13 15 18 
13 9 15 18 
13 15 9 18 
13 10 12 18 
10 16 18 17 
10 18 16 17 
10 16 20 17 
10 20 16 17 
10 18 17 16 
10 20 17 16 
13 15 10 18 
10 8 12 11 1 
10 12 8 11 1 
11 9 13 10 2 
11 13 9 10 2 
9 13 10 2 18 
13 9 10 2 18 
9 13 15 10 18 
13 9 15 10 18 
13 15 9 10 18 
