1
2
3
4
5
6
7
8
9
10
11
12
13
14
15
16
17
18
19
20
1 14 
1 19 
3 7 
4 10 
4 15 
5 9 
5 15 
6 2 
6 10 
6 11 
6 14 
6 15 
6 16 
6 18 
7 3 
7 12 
7 15 
7 17 
7 19 
8 2 
8 3 
8 7 
8 11 
8 12 
8 14 
8 15 
8 17 
8 19 
10 4 
10 16 
11 6 
11 20 
12 1 
12 7 
13 2 
14 9 
14 11 
14 20 
15 2 
15 3 
15 5 
15 6 
15 7 
15 10 
15 20 
16 6 
17 9 
18 2 
19 1 
19 3 
20 11 
6 15 2 
6 18 2 
15 6 2 
8 15 2 
8 3 7 
15 3 7 
7 15 3 
7 19 3 
8 7 3 
15 7 3 
8 15 3 
8 19 3 
4 15 10 
6 10 16 
6 15 10 
15 6 10 
6 14 11 
8 7 12 
8 12 7 
8 7 15 
8 15 7 
8 7 17 
8 7 19 
8 14 11 
14 11 20 
14 20 11 
8 15 3 7 
8 7 15 3 
8 15 7 3 
8 7 19 3 
