1 12 
1 19 
1 44 
2 15 
2 20 
2 37 
2 43 
2 45 
2 79 
3 29 
3 52 
4 8 
4 38 
4 47 
5 11 
5 16 
5 42 
6 10 
6 16 
6 43 
7 3 
7 11 
7 12 
7 15 
7 16 
7 17 
7 19 
7 25 
7 46 
8 4 
8 13 
8 16 
8 18 
8 20 
8 22 
8 26 
8 46 
8 47 
9 3 
9 4 
9 8 
9 12 
9 13 
9 15 
9 16 
9 18 
9 20 
9 26 
9 44 
9 46 
9 47 
9 74 
9 98 
9 102 
11 5 
11 17 
12 1 
12 7 
12 21 
12 42 
12 44 
12 79 
12 84 
13 2 
13 8 
13 43 
13 45 
13 79 
13 84 
14 3 
15 10 
15 12 
15 21 
15 22 
15 42 
15 43 
16 3 
16 4 
16 6 
16 7 
16 8 
16 11 
16 21 
16 43 
17 7 
17 42 
18 10 
18 45 
18 53 
19 3 
20 2 
20 4 
20 22 
21 12 
23 25 
25 7 
25 17 
25 19 
25 21 
25 23 
26 24 
27 1 
27 49 
27 60 
27 74 
27 84 
27 126 
28 2 
28 10 
28 79 
28 127 
29 3 
29 19 
29 27 
29 30 
29 32 
29 33 
29 35 
29 39 
29 46 
29 49 
29 74 
29 76 
29 77 
29 80 
29 81 
29 101 
29 103 
29 114 
29 131 
30 3 
30 4 
30 9 
30 20 
30 28 
30 29 
30 31 
30 34 
30 36 
30 40 
30 48 
30 75 
30 76 
30 77 
30 102 
30 104 
30 113 
31 3 
31 4 
31 19 
31 29 
31 32 
31 33 
31 38 
31 39 
31 40 
31 44 
31 80 
31 81 
31 124 
31 126 
31 127 
32 4 
32 9 
32 20 
32 30 
32 31 
32 34 
32 37 
32 39 
32 40 
32 45 
32 74 
32 80 
32 81 
32 125 
32 127 
32 130 
33 3 
33 4 
33 19 
33 20 
33 29 
33 32 
33 34 
33 35 
33 37 
33 39 
34 3 
34 4 
34 19 
34 20 
34 27 
34 30 
34 31 
34 33 
34 36 
34 38 
34 40 
34 74 
35 9 
35 13 
35 14 
35 27 
35 29 
35 32 
35 40 
35 48 
35 49 
35 51 
35 53 
35 57 
35 62 
35 67 
35 74 
35 75 
35 126 
35 129 
35 131 
36 12 
36 13 
36 14 
36 20 
36 28 
36 30 
36 31 
36 39 
36 41 
36 48 
36 50 
36 52 
36 56 
36 66 
36 67 
36 74 
36 127 
36 128 
36 129 
36 130 
37 38 
37 40 
38 4 
38 37 
38 39 
39 3 
39 37 
39 38 
39 40 
39 81 
40 3 
40 4 
40 37 
40 38 
40 126 
41 31 
41 32 
43 8 
43 16 
43 26 
44 3 
44 42 
45 2 
45 37 
45 43 
46 15 
46 16 
46 21 
46 22 
46 47 
47 4 
47 7 
47 8 
47 15 
47 16 
47 21 
47 22 
48 10 
49 11 
49 48 
49 64 
49 79 
49 84 
50 66 
50 79 
50 124 
51 61 
51 67 
51 79 
51 125 
52 66 
52 79 
53 67 
53 73 
53 79 
54 50 
54 56 
54 60 
54 120 
55 51 
55 57 
55 61 
55 67 
56 50 
56 54 
56 58 
56 62 
56 124 
57 51 
57 59 
57 63 
57 73 
57 123 
57 125 
58 52 
58 64 
58 66 
58 70 
58 130 
59 53 
59 65 
59 67 
59 71 
59 131 
63 67 
63 79 
63 125 
64 70 
65 53 
65 59 
65 71 
66 50 
66 52 
66 102 
67 4 
67 51 
67 53 
67 63 
67 89 
67 103 
68 50 
68 60 
68 62 
68 79 
68 82 
69 51 
69 63 
69 79 
69 83 
70 1 
70 3 
70 52 
70 62 
70 64 
70 79 
71 53 
71 63 
71 65 
71 79 
71 127 
72 1 
72 9 
72 12 
72 19 
72 27 
72 44 
72 46 
72 49 
72 64 
72 74 
72 79 
72 84 
72 85 
72 86 
72 89 
72 90 
72 117 
72 118 
72 119 
72 126 
72 130 
73 2 
73 13 
73 15 
73 20 
73 28 
73 45 
73 48 
73 65 
73 72 
73 75 
73 79 
73 84 
73 85 
73 86 
73 89 
73 90 
73 91 
73 117 
73 118 
73 119 
73 127 
73 131 
74 9 
74 10 
74 11 
74 27 
74 49 
74 50 
74 60 
74 66 
74 79 
74 80 
74 93 
74 128 
74 130 
75 10 
75 28 
75 48 
75 51 
75 67 
75 79 
75 81 
75 93 
75 129 
75 131 
76 4 
76 50 
76 51 
76 52 
76 53 
76 62 
76 69 
76 70 
76 126 
77 4 
77 50 
77 51 
77 52 
77 53 
77 61 
77 68 
77 69 
77 71 
77 124 
77 125 
77 127 
78 11 
79 12 
79 61 
79 62 
79 63 
79 64 
79 65 
79 70 
79 71 
79 75 
79 130 
80 9 
80 12 
80 19 
80 76 
80 101 
80 102 
80 103 
80 104 
81 9 
81 13 
81 37 
81 76 
81 101 
81 102 
81 103 
81 104 
82 3 
82 19 
82 50 
82 52 
82 54 
82 58 
82 60 
82 64 
82 70 
82 79 
82 120 
82 122 
83 53 
83 55 
83 59 
83 61 
83 65 
83 71 
83 79 
83 121 
83 123 
83 127 
84 1 
84 2 
84 19 
84 37 
84 38 
84 43 
84 45 
85 53 
85 72 
85 73 
86 72 
86 76 
86 119 
87 51 
87 52 
87 56 
87 57 
87 58 
87 66 
87 69 
87 72 
87 73 
87 86 
87 90 
87 91 
87 92 
87 119 
87 129 
87 130 
87 131 
88 53 
88 57 
88 59 
88 66 
88 67 
88 68 
88 72 
88 73 
88 89 
88 91 
88 120 
88 124 
88 128 
88 131 
89 56 
89 57 
89 62 
89 63 
89 66 
89 67 
89 72 
89 73 
89 80 
89 81 
89 85 
89 90 
89 97 
89 125 
90 14 
90 56 
90 57 
90 62 
90 67 
90 72 
90 73 
90 80 
90 81 
90 86 
90 89 
90 97 
90 98 
90 99 
90 125 
90 127 
91 50 
91 54 
91 56 
91 57 
91 66 
91 71 
91 72 
91 73 
91 85 
91 88 
91 123 
91 128 
91 131 
92 51 
92 55 
92 56 
92 57 
92 67 
92 70 
92 72 
92 73 
92 86 
92 87 
92 121 
92 129 
92 130 
93 61 
93 78 
93 113 
93 114 
93 121 
94 57 
94 60 
94 61 
94 63 
94 64 
94 65 
94 66 
94 120 
94 122 
95 56 
95 60 
95 61 
95 62 
95 64 
95 65 
95 67 
95 71 
95 79 
95 100 
95 121 
95 122 
95 123 
96 62 
96 63 
96 64 
96 65 
96 79 
96 86 
96 115 
96 116 
96 122 
96 123 
97 89 
97 102 
98 76 
98 80 
98 81 
98 103 
99 51 
99 52 
100 50 
100 53 
100 69 
101 9 
101 86 
101 115 
102 66 
102 73 
102 80 
102 85 
102 116 
103 80 
103 81 
103 114 
104 80 
104 81 
104 113 
105 51 
105 72 
105 73 
105 125 
106 50 
106 73 
107 52 
107 73 
107 86 
107 124 
108 53 
108 85 
108 125 
108 127 
109 70 
110 71 
111 68 
111 130 
111 131 
112 69 
112 92 
112 131 
113 2 
113 12 
113 38 
113 50 
113 76 
113 125 
114 13 
114 37 
114 44 
114 51 
114 77 
114 124 
115 1 
115 12 
115 38 
116 2 
116 13 
116 37 
116 45 
116 85 
117 3 
117 9 
117 66 
117 67 
117 72 
117 73 
117 75 
117 76 
117 77 
117 81 
117 86 
117 104 
117 119 
117 128 
117 129 
118 66 
118 67 
118 72 
118 73 
118 76 
118 77 
118 80 
118 81 
118 85 
118 96 
118 103 
118 128 
118 129 
119 66 
119 67 
119 72 
119 73 
119 74 
119 76 
119 77 
119 86 
119 117 
119 130 
120 50 
120 60 
121 51 
121 61 
122 52 
122 64 
123 53 
123 63 
123 65 
124 50 
125 51 
125 63 
126 62 
126 84 
126 124 
127 2 
127 28 
127 57 
127 65 
127 84 
127 125 
128 50 
128 66 
129 51 
129 121 
130 58 
131 79 
