13 84 2 45 43 
13 84 45 2 43 
73 13 84 2 45 
73 13 84 45 2 
31 29 33 19 3 
31 33 29 19 3 
34 31 33 19 3 
31 29 33 39 3 
31 33 29 39 3 
30 34 31 40 3 
34 30 31 40 3 
9 47 16 4 8 
9 8 47 16 4 
9 47 8 16 4 
9 47 16 8 4 
32 30 9 20 4 
32 30 34 20 4 
32 34 30 20 4 
33 32 34 20 4 
32 30 34 31 4 
32 34 30 31 4 
32 30 31 40 4 
30 34 31 40 4 
34 30 31 40 4 
32 30 34 40 4 
32 34 30 40 4 
32 34 31 40 4 
34 31 40 4 38 
34 31 40 38 4 
9 8 46 47 16 
29 35 27 74 49 
29 35 74 27 49 
35 29 27 74 49 
35 29 74 27 49 
31 29 33 32 39 
31 33 29 32 39 
31 29 32 39 81 
32 30 34 31 40 
32 34 30 31 40 
36 74 128 50 66 
36 74 128 66 50 
83 59 65 71 53 
83 59 71 65 53 
83 65 59 71 53 
87 73 72 90 86 
87 73 90 72 86 
87 90 73 72 86 
87 92 73 72 86 
92 87 73 72 86 
87 73 72 86 119 
87 73 72 119 86 
87 73 119 72 86 
87 119 73 72 86 
73 72 117 86 119 
73 72 117 119 86 
73 72 119 117 86 
73 119 72 117 86 
119 73 72 117 86 
73 117 72 86 119 
73 117 72 119 86 
73 117 119 72 86 
73 119 117 72 86 
119 73 117 72 86 
117 73 72 86 119 
117 73 72 119 86 
117 73 119 72 86 
117 119 73 72 86 
119 117 73 72 86 
87 73 90 86 72 
87 90 73 86 72 
87 92 73 86 72 
92 87 73 86 72 
87 73 86 72 119 
87 73 86 119 72 
87 73 119 86 72 
87 119 73 86 72 
73 117 86 72 119 
73 117 86 119 72 
73 117 119 86 72 
73 119 117 86 72 
119 73 117 86 72 
117 73 86 72 119 
117 73 86 119 72 
117 73 119 86 72 
117 119 73 86 72 
119 117 73 86 72 
