72 1 12 44 
72 84 1 19 
72 12 1 44 
72 12 84 1 
72 27 84 1 
84 2 45 37 
116 2 45 37 
84 45 2 37 
116 45 2 37 
84 2 45 43 
84 45 2 43 
73 84 2 45 
13 2 45 43 
13 45 2 43 
13 84 2 43 
73 13 2 45 
13 84 2 45 
116 13 2 45 
73 13 45 2 
13 84 45 2 
116 13 45 2 
73 13 2 79 
73 13 84 2 
73 28 2 79 
73 28 127 2 
73 127 28 2 
73 84 45 2 
73 127 84 2 
30 31 3 29 
31 33 3 29 
82 70 3 52 
31 29 19 3 
29 33 19 3 
33 29 19 3 
31 33 19 3 
34 31 19 3 
33 34 19 3 
34 33 19 3 
29 33 39 3 
30 31 29 3 
31 29 33 3 
31 33 29 3 
31 29 39 3 
33 29 39 3 
30 34 31 3 
34 30 31 3 
30 31 40 3 
30 34 40 3 
34 30 40 3 
34 31 33 3 
31 33 39 3 
31 39 40 3 
34 31 40 3 
9 16 4 8 
9 4 8 47 
9 4 47 8 
9 47 4 8 
47 16 4 8 
8 47 16 4 
47 8 16 4 
9 8 16 4 
9 16 8 4 
9 8 20 4 
9 8 4 47 
9 8 47 4 
9 47 8 4 
47 16 8 4 
9 47 16 4 
30 9 20 4 
32 9 20 4 
32 30 9 4 
32 30 20 4 
30 34 20 4 
34 30 20 4 
33 32 20 4 
32 34 20 4 
33 34 20 4 
34 33 20 4 
32 30 31 4 
30 34 31 4 
34 30 31 4 
30 31 40 4 
30 34 40 4 
32 30 34 4 
32 34 30 4 
32 30 40 4 
34 30 40 4 
31 33 32 4 
31 32 40 4 
34 31 33 4 
31 40 4 38 
31 40 38 4 
32 34 31 4 
32 31 40 4 
34 31 4 38 
34 31 38 4 
34 31 40 4 
32 34 40 4 
33 32 34 4 
34 40 4 38 
34 40 38 4 
8 46 47 16 
8 46 47 22 
9 8 46 16 
9 8 47 16 
9 47 8 16 
9 47 16 8 
9 8 46 47 
72 9 12 44 
9 46 47 15 
9 46 47 16 
32 30 9 20 
32 74 80 9 
35 32 9 74 
35 32 74 9 
13 84 45 43 
73 13 84 45 
46 47 15 21 
46 47 15 22 
46 47 16 21 
31 29 33 19 
31 33 29 19 
31 29 80 19 
34 31 33 19 
30 34 36 20 
32 30 34 20 
32 34 30 20 
34 30 36 20 
34 36 30 20 
33 32 34 20 
72 27 74 49 
72 74 27 49 
72 27 49 84 
29 35 27 49 
29 35 27 74 
29 35 74 27 
29 27 74 49 
29 74 27 49 
35 29 27 49 
35 29 27 74 
35 29 74 27 
35 27 74 49 
35 74 27 49 
72 27 126 84 
73 75 28 79 
29 32 39 81 
29 32 74 80 
29 33 35 32 
29 33 32 39 
33 29 35 32 
33 35 29 32 
33 29 32 39 
29 35 32 74 
35 29 32 74 
29 35 74 49 
31 29 33 32 
31 33 29 32 
31 29 32 39 
31 29 32 80 
31 29 32 81 
31 29 33 39 
31 33 29 39 
31 29 39 81 
35 29 74 49 
32 30 34 31 
32 34 30 31 
32 30 31 40 
30 34 36 31 
30 34 31 40 
34 30 36 31 
34 36 30 31 
34 30 31 40 
32 30 34 40 
32 34 30 40 
31 32 39 40 
31 32 39 81 
31 33 32 39 
31 39 40 38 
32 34 31 40 
32 31 39 40 
32 31 39 81 
34 31 40 38 
32 39 37 40 
32 39 40 37 
32 39 81 37 
33 32 39 37 
35 75 51 67 
35 75 67 51 
35 75 129 51 
36 74 50 66 
36 128 50 66 
36 74 66 50 
36 128 66 50 
36 74 128 50 
36 74 128 66 
39 37 40 38 
39 40 37 38 
39 40 38 37 
72 49 79 64 
72 74 49 79 
74 128 50 66 
91 128 50 66 
91 54 56 50 
91 56 54 50 
82 54 120 50 
74 128 66 50 
91 128 66 50 
68 82 50 79 
92 55 57 51 
92 55 51 67 
92 55 67 51 
87 92 57 51 
92 87 57 51 
87 92 129 51 
92 87 129 51 
92 129 121 51 
87 58 52 66 
87 58 66 52 
82 58 70 52 
82 70 52 79 
59 65 71 53 
59 71 65 53 
83 59 65 53 
88 59 53 67 
88 59 67 53 
83 59 71 53 
65 59 71 53 
83 65 59 53 
83 65 71 53 
83 71 65 53 
83 123 65 53 
83 71 53 79 
82 54 120 60 
89 90 56 62 
90 89 56 62 
89 57 63 125 
89 57 125 63 
87 90 57 73 
87 91 57 73 
87 92 57 73 
92 87 57 73 
88 89 57 73 
88 91 57 73 
91 88 57 73 
89 90 57 73 
90 89 57 73 
89 90 57 125 
90 89 57 125 
90 127 57 125 
82 58 64 70 
82 58 70 64 
83 59 65 71 
83 59 71 65 
83 65 59 71 
82 79 64 70 
82 70 79 64 
82 79 70 64 
83 79 65 71 
95 79 65 71 
83 71 79 65 
95 71 79 65 
83 79 71 65 
95 79 71 65 
83 71 127 65 
88 91 128 66 
91 88 128 66 
72 74 79 130 
72 119 74 130 
119 72 74 130 
87 72 90 86 
87 90 72 86 
87 92 72 86 
92 87 72 86 
87 72 86 119 
87 72 119 86 
87 119 72 86 
72 117 86 119 
72 117 119 86 
72 119 117 86 
119 72 117 86 
117 72 86 119 
117 72 119 86 
117 119 72 86 
119 117 72 86 
73 72 89 85 
73 89 72 85 
89 73 72 85 
73 91 72 85 
91 73 72 85 
73 72 118 85 
73 118 72 85 
118 73 72 85 
73 89 85 72 
89 73 85 72 
73 91 85 72 
91 73 85 72 
73 118 85 72 
118 73 85 72 
87 73 72 86 
73 72 90 86 
73 90 72 86 
90 73 72 86 
92 73 72 86 
73 72 117 86 
73 117 72 86 
117 73 72 86 
73 72 86 119 
73 72 119 86 
73 119 72 86 
119 73 72 86 
87 73 86 72 
73 90 86 72 
90 73 86 72 
92 73 86 72 
73 117 86 72 
117 73 86 72 
73 86 72 119 
73 86 119 72 
73 119 86 72 
119 73 86 72 
73 72 89 90 
73 72 90 89 
73 90 72 89 
90 73 72 89 
73 89 72 90 
73 89 90 72 
73 90 89 72 
90 73 89 72 
73 72 117 119 
73 72 119 117 
73 119 72 117 
119 73 72 117 
73 117 72 119 
73 117 119 72 
73 119 117 72 
119 73 117 72 
89 85 73 72 
91 85 73 72 
118 85 73 72 
87 73 72 90 
87 73 90 72 
87 90 73 72 
87 73 91 72 
87 91 73 72 
87 92 73 72 
92 87 73 72 
87 73 72 119 
87 73 119 72 
87 119 73 72 
88 73 72 89 
88 73 89 72 
88 89 73 72 
88 73 91 72 
88 91 73 72 
91 88 73 72 
89 73 72 90 
89 73 90 72 
89 90 73 72 
90 89 73 72 
117 73 72 119 
117 73 119 72 
117 119 73 72 
119 117 73 72 
87 90 86 72 
87 92 86 72 
92 87 86 72 
87 86 72 119 
87 86 119 72 
87 119 86 72 
117 86 72 119 
117 86 119 72 
117 119 86 72 
119 117 86 72 
87 92 72 130 
87 72 119 130 
87 119 72 130 
92 87 72 130 
73 75 131 79 
87 73 90 86 
87 90 73 86 
87 92 73 86 
92 87 73 86 
87 73 86 119 
87 73 119 86 
87 119 73 86 
73 117 86 119 
73 117 119 86 
73 119 117 86 
119 73 117 86 
117 73 86 119 
117 73 119 86 
117 119 73 86 
119 117 73 86 
87 73 91 131 
87 91 73 131 
88 73 91 131 
88 91 73 131 
91 88 73 131 
117 86 119 76 
117 119 86 76 
119 117 86 76 
