1 12 44 
72 1 12 
115 1 12 
72 1 19 
84 1 19 
72 1 44 
12 1 44 
12 84 1 
72 12 1 
115 12 1 
27 84 1 
72 27 1 
72 84 1 
2 15 43 
73 2 15 
73 2 20 
2 45 37 
45 2 37 
84 2 37 
116 2 37 
2 45 43 
45 2 43 
84 2 43 
73 2 45 
84 2 45 
116 2 45 
13 2 43 
13 2 45 
13 45 2 
13 2 79 
13 84 2 
73 13 2 
116 13 2 
73 20 2 
28 2 79 
28 127 2 
73 28 2 
127 28 2 
73 45 2 
84 45 2 
116 45 2 
73 2 79 
73 84 2 
73 127 2 
127 84 2 
30 3 29 
31 3 29 
33 3 29 
70 3 52 
82 3 52 
7 16 3 
7 19 3 
16 7 3 
9 16 3 
9 44 3 
30 9 3 
117 9 3 
29 19 3 
31 19 3 
33 19 3 
34 19 3 
82 19 3 
29 30 3 
29 33 3 
29 39 3 
30 29 3 
31 29 3 
33 29 3 
30 31 3 
30 34 3 
30 40 3 
34 30 3 
31 33 3 
31 39 3 
31 40 3 
31 44 3 
34 31 3 
33 34 3 
33 39 3 
34 33 3 
34 40 3 
39 40 3 
82 70 3 
4 8 47 
9 4 8 
16 4 8 
4 47 8 
47 4 8 
40 4 38 
8 16 4 
8 20 4 
8 4 47 
8 47 4 
9 8 4 
16 8 4 
47 8 4 
9 16 4 
9 20 4 
9 4 47 
9 47 4 
30 9 4 
32 9 4 
47 16 4 
30 20 4 
32 20 4 
33 20 4 
34 20 4 
30 31 4 
30 34 4 
30 40 4 
30 76 4 
30 77 4 
32 30 4 
34 30 4 
31 32 4 
31 33 4 
31 4 38 
31 38 4 
31 40 4 
32 31 4 
34 31 4 
32 34 4 
32 40 4 
33 32 4 
33 34 4 
34 33 4 
34 4 38 
34 38 4 
34 40 4 
40 38 4 
5 16 11 
6 16 43 
6 43 16 
16 6 43 
7 11 17 
7 16 11 
16 7 11 
7 15 12 
7 46 15 
47 7 15 
7 46 16 
47 7 16 
7 25 17 
25 7 17 
7 25 19 
25 7 19 
47 16 7 
25 17 7 
43 8 16 
8 46 16 
8 47 16 
47 8 16 
8 20 22 
8 46 22 
8 47 22 
47 8 22 
43 8 26 
8 46 47 
9 8 13 
9 13 8 
9 8 16 
9 16 8 
9 8 18 
9 8 20 
9 8 26 
9 8 46 
9 8 47 
9 47 8 
13 43 8 
16 43 8 
43 16 8 
47 16 8 
9 12 44 
9 15 12 
72 9 12 
80 9 12 
35 9 13 
81 9 13 
9 46 15 
9 47 15 
9 46 16 
9 47 16 
30 9 20 
32 9 20 
72 9 44 
9 46 47 
72 9 46 
30 9 102 
32 30 9 
32 9 74 
32 74 9 
32 80 9 
32 81 9 
35 32 9 
35 9 74 
35 74 9 
72 9 74 
72 74 9 
72 117 9 
117 72 9 
74 80 9 
80 101 9 
80 9 102 
81 101 9 
81 9 102 
117 81 9 
75 28 10 
75 48 10 
74 49 11 
12 44 42 
72 12 44 
15 12 21 
15 21 12 
15 12 42 
72 12 79 
72 79 12 
72 12 84 
13 45 43 
13 84 43 
73 13 45 
13 84 45 
116 13 45 
73 13 79 
73 13 84 
46 15 21 
47 15 21 
46 15 22 
47 15 22 
46 47 15 
46 16 21 
47 16 21 
46 47 16 
29 33 19 
29 80 19 
31 29 19 
33 29 19 
31 33 19 
31 80 19 
34 31 19 
33 34 19 
34 33 19 
72 84 19 
30 34 20 
30 36 20 
32 30 20 
34 30 20 
36 30 20 
32 34 20 
33 32 20 
33 34 20 
34 33 20 
34 36 20 
46 47 21 
46 47 22 
27 49 84 
72 27 49 
27 74 49 
74 27 49 
27 74 60 
74 27 60 
27 126 84 
29 35 27 
29 27 49 
29 27 74 
29 74 27 
35 29 27 
34 27 74 
34 74 27 
35 27 49 
35 27 74 
35 74 27 
35 27 126 
72 27 74 
72 74 27 
72 27 84 
72 27 126 
30 36 28 
30 75 28 
36 30 28 
36 28 127 
36 127 28 
73 75 28 
73 28 79 
73 28 127 
73 127 28 
75 28 79 
29 30 76 
29 30 77 
29 32 30 
29 32 39 
29 32 74 
29 32 80 
29 32 81 
29 33 32 
33 29 32 
29 35 32 
35 29 32 
29 33 35 
29 33 39 
29 35 49 
29 35 74 
29 35 131 
29 39 81 
29 74 49 
29 74 80 
29 80 76 
29 81 76 
29 114 77 
29 80 101 
29 80 103 
29 103 80 
29 81 101 
29 81 103 
29 103 81 
29 103 114 
30 31 29 
30 29 76 
30 29 77 
31 29 32 
31 29 33 
31 33 29 
31 29 39 
31 29 80 
31 29 81 
33 29 35 
33 35 29 
33 29 39 
35 29 49 
35 29 74 
35 29 131 
30 31 40 
32 30 31 
30 34 31 
34 30 31 
30 36 31 
36 30 31 
30 34 36 
30 34 40 
30 36 48 
30 75 48 
30 113 76 
30 104 113 
32 30 34 
32 34 30 
32 30 40 
34 30 36 
34 36 30 
34 30 40 
36 30 48 
31 32 39 
31 32 40 
31 32 80 
31 32 81 
31 32 127 
31 33 32 
41 31 32 
31 33 39 
34 31 33 
31 38 39 
31 39 38 
31 40 38 
31 39 40 
31 39 81 
31 40 126 
31 126 124 
32 34 31 
32 31 39 
32 31 40 
32 31 80 
32 31 81 
32 31 127 
41 32 31 
34 36 31 
34 31 38 
34 31 40 
36 31 39 
36 41 31 
36 31 127 
32 34 40 
32 34 74 
32 37 40 
32 39 37 
32 40 37 
32 45 37 
32 81 37 
32 39 40 
32 39 81 
32 74 80 
32 74 130 
32 127 125 
33 32 34 
33 35 32 
33 32 37 
33 32 39 
35 32 40 
35 32 74 
33 39 37 
34 36 74 
34 40 38 
35 40 126 
35 49 48 
35 75 48 
35 74 49 
35 51 67 
35 57 51 
35 67 51 
35 75 51 
35 129 51 
35 53 67 
35 67 53 
35 126 62 
35 75 67 
35 75 129 
35 75 131 
36 50 66 
36 56 50 
36 66 50 
36 74 50 
36 128 50 
36 52 66 
36 66 52 
36 74 66 
36 128 66 
36 74 128 
36 74 130 
39 37 38 
37 40 38 
40 37 38 
84 37 38 
38 39 37 
39 38 37 
40 38 37 
84 38 37 
39 37 40 
39 40 37 
39 81 37 
84 45 37 
116 45 37 
39 40 38 
84 45 43 
73 84 45 
73 75 48 
72 49 64 
49 79 64 
72 74 49 
72 49 79 
72 49 84 
74 49 79 
74 50 66 
91 50 66 
128 50 66 
82 50 79 
54 56 50 
54 120 50 
56 54 50 
82 54 50 
91 54 50 
56 50 124 
56 124 50 
91 56 50 
74 66 50 
91 66 50 
128 66 50 
68 50 79 
68 82 50 
77 68 50 
74 50 79 
74 128 50 
113 76 50 
77 50 124 
77 124 50 
82 120 50 
91 128 50 
77 51 61 
51 79 61 
121 51 61 
75 51 67 
92 51 67 
55 57 51 
55 51 61 
55 51 67 
55 67 51 
92 55 51 
57 51 125 
57 125 51 
87 57 51 
92 57 51 
75 67 51 
92 67 51 
69 51 79 
76 69 51 
77 69 51 
87 69 51 
75 51 79 
75 129 51 
77 51 125 
77 125 51 
114 77 51 
87 92 51 
87 129 51 
92 87 51 
92 121 51 
92 129 51 
105 51 125 
105 125 51 
129 121 51 
87 52 66 
82 52 79 
58 52 66 
58 66 52 
58 70 52 
82 58 52 
87 58 52 
87 66 52 
70 52 79 
76 70 52 
82 70 52 
82 122 52 
88 53 67 
53 73 79 
85 53 73 
88 53 73 
83 53 79 
59 65 53 
59 53 67 
59 67 53 
59 71 53 
65 59 53 
83 59 53 
88 59 53 
65 71 53 
71 65 53 
83 65 53 
123 65 53 
88 67 53 
71 53 79 
77 71 53 
83 71 53 
83 123 53 
108 85 53 
91 54 56 
82 54 60 
54 120 60 
91 56 54 
82 54 120 
92 55 57 
83 55 61 
92 55 67 
87 56 58 
89 56 62 
90 56 62 
95 56 62 
87 90 56 
87 91 56 
87 92 56 
92 87 56 
89 90 56 
90 89 56 
88 57 59 
57 63 125 
89 57 63 
94 57 63 
57 123 63 
57 125 63 
87 57 73 
88 57 73 
89 57 73 
90 57 73 
91 57 73 
92 57 73 
127 57 125 
87 90 57 
87 91 57 
87 92 57 
92 87 57 
88 89 57 
88 91 57 
91 88 57 
89 90 57 
89 57 125 
90 89 57 
90 57 125 
90 127 57 
91 57 123 
58 64 70 
58 70 64 
82 58 64 
87 58 66 
82 58 70 
87 58 130 
87 130 58 
59 65 71 
59 71 65 
83 59 65 
88 59 67 
83 59 71 
65 59 71 
83 65 59 
88 59 131 
68 82 60 
82 120 60 
94 120 60 
83 79 61 
95 79 61 
83 121 61 
93 121 61 
95 121 61 
68 79 62 
70 79 62 
76 70 62 
79 70 62 
76 126 62 
95 79 62 
96 79 62 
89 90 62 
90 89 62 
89 63 67 
96 63 79 
67 89 63 
89 67 63 
69 63 79 
69 79 63 
71 63 79 
71 79 63 
79 71 63 
96 79 63 
89 63 125 
89 125 63 
96 123 63 
79 64 70 
82 64 70 
70 79 64 
79 70 64 
82 70 64 
72 79 64 
82 79 64 
95 79 64 
96 79 64 
82 122 64 
94 122 64 
95 122 64 
96 122 64 
79 65 71 
83 65 71 
95 65 71 
71 79 65 
71 127 65 
79 71 65 
83 71 65 
95 71 65 
73 79 65 
73 127 65 
83 79 65 
95 79 65 
96 79 65 
83 123 65 
83 127 65 
95 123 65 
96 123 65 
74 128 66 
119 74 66 
87 91 66 
87 119 66 
88 89 66 
88 91 66 
88 128 66 
91 88 66 
91 128 66 
117 119 66 
117 128 66 
119 117 66 
118 128 66 
90 67 89 
118 67 103 
117 75 67 
88 67 89 
88 89 67 
89 90 67 
90 89 67 
117 119 67 
119 117 67 
68 82 79 
69 83 79 
82 70 79 
82 79 70 
83 71 79 
95 71 79 
77 71 127 
83 79 71 
95 79 71 
83 71 127 
72 74 79 
72 74 130 
72 119 74 
119 72 74 
72 79 130 
72 126 84 
72 89 85 
89 72 85 
91 72 85 
72 118 85 
118 72 85 
72 86 119 
87 72 86 
72 90 86 
90 72 86 
92 72 86 
72 117 86 
117 72 86 
72 119 86 
119 72 86 
72 89 90 
72 90 89 
90 72 89 
72 117 119 
72 119 117 
119 72 117 
72 119 130 
73 72 79 
73 72 84 
73 72 85 
73 85 72 
73 72 86 
73 86 72 
73 72 89 
73 89 72 
73 72 90 
73 90 72 
73 91 72 
73 72 117 
73 117 72 
73 72 118 
73 118 72 
73 72 119 
73 119 72 
85 73 72 
87 73 72 
88 73 72 
89 73 72 
90 73 72 
91 73 72 
92 73 72 
105 73 72 
117 73 72 
118 73 72 
119 73 72 
89 85 72 
91 85 72 
118 85 72 
86 72 119 
86 119 72 
87 86 72 
90 86 72 
92 86 72 
117 86 72 
119 86 72 
87 72 90 
87 90 72 
87 91 72 
87 92 72 
87 72 119 
87 119 72 
87 72 130 
92 87 72 
88 72 89 
88 89 72 
88 91 72 
91 88 72 
89 72 90 
89 90 72 
90 89 72 
92 72 130 
117 72 119 
117 119 72 
119 117 72 
119 72 130 
73 75 79 
73 75 131 
73 79 75 
73 117 75 
117 73 75 
73 131 79 
73 127 84 
73 89 85 
89 73 85 
73 91 85 
91 73 85 
102 73 85 
73 118 85 
118 73 85 
73 86 119 
87 73 86 
73 90 86 
90 73 86 
92 73 86 
107 73 86 
73 117 86 
117 73 86 
73 119 86 
119 73 86 
73 89 90 
73 90 89 
90 73 89 
73 90 127 
73 91 131 
73 117 119 
73 119 117 
119 73 117 
89 85 73 
91 85 73 
102 85 73 
118 85 73 
87 73 90 
87 90 73 
87 73 91 
87 91 73 
87 92 73 
87 73 119 
87 119 73 
87 73 131 
92 87 73 
88 73 89 
88 89 73 
88 73 91 
88 91 73 
88 73 131 
91 88 73 
89 73 90 
89 90 73 
90 89 73 
90 73 127 
91 73 131 
117 73 119 
117 119 73 
119 117 73 
74 79 130 
119 74 130 
75 131 79 
117 75 81 
117 75 129 
98 80 76 
118 80 76 
98 81 76 
117 81 76 
118 81 76 
86 119 76 
117 86 76 
119 86 76 
117 119 76 
119 117 76 
77 127 125 
114 77 124 
117 119 77 
119 117 77 
118 80 103 
89 90 80 
90 89 80 
90 98 80 
98 80 103 
98 103 80 
118 103 80 
118 81 103 
117 81 104 
89 90 81 
90 89 81 
90 98 81 
98 81 103 
98 103 81 
118 103 81 
117 104 81 
102 116 85 
87 90 86 
87 92 86 
87 86 119 
87 119 86 
92 87 86 
117 86 119 
117 119 86 
119 117 86 
87 91 131 
87 92 129 
87 92 130 
87 119 130 
92 87 129 
92 87 130 
88 91 128 
88 91 131 
91 88 128 
91 88 131 
89 90 97 
89 90 125 
90 89 97 
90 97 89 
90 89 125 
90 127 125 
92 129 121 
108 127 125 
