1
2
3
4
5
6
7
8
9
10
11
12
13
14
15
16
17
18
19
20
21
22
23
24
25
26
27
28
29
30
31
32
33
1 9 
1 20 
1 28 
2 6 
2 20 
2 33 
3 33 
4 3 
4 10 
4 15 
4 18 
4 30 
4 32 
4 33 
5 19 
5 27 
6 3 
6 14 
6 17 
6 22 
6 29 
6 31 
7 22 
8 15 
8 18 
9 15 
9 23 
9 28 
10 2 
10 3 
10 11 
10 14 
10 28 
10 30 
10 31 
11 3 
11 12 
11 14 
12 8 
12 11 
12 20 
13 3 
13 24 
13 27 
13 33 
14 10 
14 23 
14 30 
15 2 
15 7 
15 13 
15 18 
15 19 
16 2 
16 9 
16 17 
16 27 
17 11 
17 18 
17 19 
17 33 
18 3 
18 23 
18 25 
18 26 
19 6 
19 13 
19 16 
19 26 
20 19 
20 25 
20 29 
21 29 
22 10 
22 17 
23 12 
23 18 
23 22 
23 24 
23 29 
24 6 
24 23 
24 32 
25 11 
25 12 
25 14 
25 16 
25 27 
26 4 
26 31 
27 2 
27 4 
27 5 
27 13 
27 21 
27 28 
27 30 
28 9 
28 12 
28 20 
28 23 
28 31 
29 3 
29 6 
29 15 
29 16 
29 24 
30 6 
30 12 
30 19 
30 31 
30 33 
31 6 
31 14 
31 20 
32 14 
32 15 
32 21 
33 4 
33 12 
1 9 28 
1 28 9 
1 28 20 
16 27 2 
4 10 3 
4 18 3 
4 3 33 
6 29 3 
29 6 3 
10 11 3 
13 3 33 
4 10 30 
4 15 18 
4 32 15 
4 30 33 
27 4 30 
6 31 14 
31 6 14 
6 22 17 
30 19 6 
29 24 6 
30 6 31 
30 31 6 
8 15 18 
9 28 23 
28 9 23 
10 11 14 
10 14 30 
10 31 14 
10 28 31 
10 30 31 
14 10 30 
25 11 12 
25 11 14 
25 12 11 
28 12 20 
28 23 12 
30 33 12 
15 19 13 
25 16 27 
28 31 20 
23 29 24 
