55 53 13 111 1
58 55 13 111 1
58 55 13 1 196
55 53 54 66 1
55 53 54 111 1
55 53 54 1 156
54 55 65 2 177
54 55 65 177 2
55 54 65 2 177
55 54 65 177 2
52 53 3 4 110
52 53 3 110 4
52 53 110 3 4
53 52 3 4 110
53 52 3 110 4
53 52 110 3 4
57 59 4 53 111
57 4 53 110 111
57 4 53 111 110
52 4 53 110 111
52 4 53 111 110
52 53 4 110 111
52 53 4 111 110
52 53 111 4 110
52 53 110 4 111
52 53 110 111 4
52 53 111 110 4
53 52 4 110 111
53 52 4 111 110
53 52 111 4 110
53 52 110 4 111
53 52 110 111 4
53 52 111 110 4
53 57 59 4 111
53 57 59 111 4
53 57 4 110 111
53 57 4 111 110
53 57 111 4 110
53 57 110 4 111
53 57 110 111 4
53 57 111 110 4
57 53 59 4 111
57 53 59 111 4
57 59 53 4 111
57 59 53 111 4
57 53 4 110 111
57 53 4 111 110
57 53 111 4 110
57 53 110 4 111
57 53 110 111 4
57 53 111 110 4
20 180 6 74 72
20 180 74 6 72
165 20 180 6 74
165 20 180 74 6
54 52 56 42 7
54 56 52 42 7
57 54 56 42 7
54 52 56 65 7
54 56 52 65 7
53 57 54 66 7
57 53 54 66 7
13 76 39 8 12
13 12 76 39 8
13 76 12 39 8
13 76 39 12 8
55 53 13 43 8
55 53 57 43 8
55 57 53 43 8
56 55 57 43 8
55 53 57 54 8
55 57 53 54 8
55 53 54 66 8
55 53 54 149 8
53 57 54 66 8
53 57 54 149 8
57 53 54 66 8
57 53 54 149 8
53 54 149 66 8
53 57 149 66 8
55 53 57 66 8
55 53 57 149 8
55 57 53 66 8
55 57 53 149 8
55 57 149 53 8
55 53 149 66 8
55 149 53 66 8
57 53 149 66 8
57 149 53 66 8
54 56 55 149 8
54 55 149 66 8
57 54 56 149 8
57 54 149 56 8
55 57 54 66 8
55 57 54 149 8
55 54 149 66 8
57 54 66 8 64
57 54 66 64 8
57 54 149 66 8
55 57 149 66 8
56 55 57 149 8
13 12 75 76 39
55 53 13 110 111
55 53 13 111 110
55 61 65 63 14
55 65 61 63 14
56 55 65 63 14
158 60 64 61 14
158 64 60 61 14
158 64 61 60 14
64 61 65 63 14
64 65 61 63 14
65 64 61 63 14
165 164 26 107 180
165 164 26 180 107
52 55 53 149 26
52 55 149 53 26
52 55 53 26 150
52 55 53 150 26
52 55 53 26 156
52 55 53 156 26
52 55 53 26 157
52 53 149 26 150
52 53 149 150 26
52 53 150 149 26
52 53 149 26 157
52 149 53 26 150
52 149 53 150 26
52 149 53 26 157
52 53 26 150 156
52 53 26 150 157
52 53 150 26 156
52 53 150 156 26
52 53 150 26 157
52 56 55 65 26
52 56 55 149 26
52 56 55 26 150
52 56 55 150 26
56 52 55 65 26
56 52 55 149 26
56 52 55 26 150
56 52 55 150 26
52 55 65 149 26
52 55 149 65 26
52 55 150 65 26
52 55 149 26 150
52 55 149 150 26
52 55 150 149 26
52 55 149 26 157
52 55 26 150 156
52 55 26 150 157
52 55 150 26 156
52 55 150 156 26
52 55 150 26 157
52 56 65 149 26
52 56 149 65 26
52 149 56 65 26
52 56 150 65 26
52 56 149 26 150
52 56 149 150 26
52 56 150 149 26
52 149 56 26 150
52 149 56 150 26
52 150 65 149 26
150 52 65 149 26
52 149 150 65 26
52 150 149 65 26
150 52 149 65 26
52 149 26 107 150
52 107 149 26 150
52 107 149 150 26
52 107 150 149 26
52 149 107 26 150
52 149 107 150 26
52 149 26 150 157
52 149 150 26 157
52 150 149 26 157
150 52 149 26 157
53 54 52 149 26
53 54 52 26 150
53 54 52 150 26
53 54 150 52 26
53 54 52 26 156
53 54 52 156 26
53 54 52 26 157
53 52 149 26 150
53 52 149 150 26
53 52 150 149 26
53 150 52 149 26
53 52 149 26 157
53 52 26 150 156
53 52 26 150 157
53 52 150 26 156
53 52 150 156 26
53 52 150 26 157
53 150 52 26 156
53 150 52 156 26
53 150 52 26 157
54 52 56 55 26
54 56 52 55 26
54 52 55 65 26
54 52 55 149 26
54 52 55 26 150
54 52 55 150 26
54 52 55 26 156
54 52 55 156 26
54 52 55 26 157
54 52 56 65 26
54 52 56 149 26
54 52 149 56 26
54 52 56 26 150
54 52 56 150 26
54 56 52 65 26
54 56 52 149 26
54 56 52 26 150
54 56 52 150 26
54 56 150 52 26
54 52 65 149 26
54 52 149 65 26
54 52 150 65 26
54 150 52 65 26
54 52 149 26 107
54 52 26 107 150
54 52 107 149 26
54 52 149 107 26
54 52 107 26 150
54 52 107 150 26
54 52 149 26 150
54 52 149 150 26
54 52 150 149 26
54 150 52 149 26
54 52 149 26 157
54 52 26 150 156
54 52 26 150 157
54 52 150 26 156
54 52 150 156 26
54 52 150 26 157
54 150 52 26 156
54 150 52 156 26
54 150 52 26 157
56 52 65 149 26
56 52 149 65 26
56 52 150 65 26
56 150 52 65 26
56 52 149 26 150
56 52 149 150 26
56 52 150 149 26
56 150 52 149 26
55 53 57 54 26
55 57 53 54 26
55 53 54 149 26
55 53 54 26 150
55 53 54 150 26
55 53 54 26 156
55 53 54 156 26
55 53 54 26 157
53 57 54 149 26
53 57 54 26 150
53 57 54 150 26
53 57 54 26 156
53 57 54 156 26
57 53 54 149 26
57 53 54 26 150
57 53 54 150 26
57 53 54 26 156
57 53 54 156 26
53 54 149 26 150
53 54 149 150 26
53 54 150 149 26
53 54 149 26 157
53 54 26 150 156
53 54 26 150 157
53 54 150 26 156
53 54 150 156 26
53 54 150 26 157
53 57 149 26 150
53 57 149 150 26
53 57 150 149 26
53 150 57 149 26
53 57 26 150 156
53 57 150 26 156
53 57 150 156 26
53 150 57 26 156
53 150 57 156 26
53 149 26 150 157
53 149 150 26 157
53 150 149 26 157
55 53 57 149 26
55 53 57 26 150
55 53 57 150 26
55 53 150 57 26
55 53 57 26 156
55 53 57 156 26
55 57 53 149 26
55 57 149 53 26
55 57 53 26 150
55 57 53 150 26
55 57 53 26 156
55 57 53 156 26
55 53 149 26 150
55 53 149 150 26
55 53 150 149 26
55 53 149 26 157
55 149 53 26 150
55 149 53 150 26
55 149 53 26 157
55 53 26 150 156
55 53 26 150 157
55 53 150 26 156
55 53 150 156 26
55 53 150 26 157
57 53 149 26 150
57 53 149 150 26
57 53 150 149 26
57 149 53 26 150
57 149 53 150 26
57 53 26 150 156
57 53 150 26 156
57 53 150 156 26
149 53 26 150 157
149 53 150 26 157
54 56 55 65 26
54 56 55 149 26
54 56 55 26 150
54 56 55 150 26
54 55 65 149 26
54 55 149 65 26
54 55 150 65 26
54 55 149 26 150
54 55 149 150 26
54 55 150 149 26
54 55 149 26 157
54 55 26 150 156
54 55 26 150 157
54 55 150 26 156
54 55 150 156 26
54 55 150 26 157
57 54 56 149 26
57 54 149 56 26
57 54 56 26 150
57 54 56 150 26
54 56 65 149 26
54 56 149 65 26
54 149 56 65 26
54 56 150 65 26
54 56 149 26 150
54 56 149 150 26
54 56 150 149 26
54 149 56 26 150
54 149 56 150 26
54 150 65 149 26
54 149 150 65 26
54 150 149 65 26
54 149 26 107 150
54 107 149 26 150
54 107 149 150 26
54 107 150 149 26
54 149 107 26 150
54 149 107 150 26
54 149 26 150 157
54 149 150 26 157
54 150 149 26 157
55 57 54 149 26
55 57 54 26 150
55 57 54 150 26
55 57 54 26 156
55 57 54 156 26
55 54 65 149 26
55 54 149 65 26
55 54 150 65 26
55 54 149 26 150
55 54 149 150 26
55 54 150 149 26
55 54 149 26 157
55 54 26 150 156
55 54 26 150 157
55 54 150 26 156
55 54 150 156 26
55 54 150 26 157
57 54 26 64 156
57 54 26 156 64
57 54 156 26 64
57 54 149 26 150
57 54 149 150 26
57 54 150 149 26
57 54 26 150 156
57 54 150 26 156
57 54 150 156 26
55 57 149 26 150
55 57 149 150 26
55 57 150 149 26
55 150 57 149 26
55 57 26 150 156
55 57 150 26 156
55 57 150 156 26
55 150 57 26 156
55 150 57 156 26
55 150 65 149 26
55 149 150 65 26
55 150 149 65 26
55 149 26 150 157
55 149 150 26 157
55 150 149 26 157
56 55 57 149 26
56 55 57 26 150
56 55 57 150 26
56 55 150 57 26
56 55 65 149 26
56 55 149 65 26
56 55 150 65 26
56 55 149 26 150
56 55 149 150 26
56 55 150 149 26
56 57 149 26 150
56 57 149 150 26
56 57 150 149 26
56 150 57 149 26
56 150 65 149 26
56 149 150 65 26
56 150 149 65 26
149 56 150 65 26
57 56 149 26 150
57 56 149 150 26
57 56 150 149 26
57 149 56 26 150
57 149 56 150 26
165 164 107 26 180
27 52 55 53 149
27 52 55 149 53
27 52 55 53 150
27 52 53 149 150
27 52 53 150 149
27 52 149 53 150
27 52 56 58 55
27 52 56 55 149
27 52 56 55 150
27 56 52 58 55
27 56 58 52 55
27 56 52 55 149
27 56 52 55 150
27 52 58 55 149
27 52 58 55 150
27 58 52 55 149
27 58 52 55 150
27 52 55 149 150
27 52 55 150 149
85 27 52 56 58
27 52 56 58 149
27 52 56 149 58
27 52 149 56 58
27 52 56 58 150
27 52 56 149 150
27 52 56 150 149
27 52 149 56 150
27 52 58 149 150
27 52 58 150 149
27 52 149 58 150
27 53 54 52 149
27 53 54 52 150
27 53 54 150 52
27 53 52 149 150
27 53 52 150 149
27 53 150 52 149
27 54 52 56 55
27 54 56 52 55
27 54 52 55 149
27 54 52 55 150
27 54 52 56 149
27 54 52 149 56
27 54 52 56 150
27 54 56 52 149
27 54 56 52 150
27 54 56 150 52
27 54 52 149 150
27 54 52 150 149
27 54 150 52 149
85 27 56 52 58
27 56 52 58 149
27 56 52 149 58
27 56 52 58 150
85 27 56 58 52
27 56 58 52 149
27 56 58 52 150
27 56 58 150 52
27 56 52 149 150
27 56 52 150 149
27 56 150 52 149
27 58 52 149 150
27 58 52 150 149
27 58 150 52 149
27 55 53 57 54
27 55 57 53 54
27 55 53 54 149
27 55 53 54 150
27 53 57 59 54
27 53 57 54 149
27 53 57 54 150
27 57 53 59 54
27 57 59 53 54
27 57 53 54 149
27 57 53 54 150
27 53 59 54 149
27 53 59 54 150
27 59 53 54 149
27 59 53 54 150
27 53 54 149 150
27 53 54 150 149
85 27 53 57 59
27 53 57 59 149
27 53 57 59 150
27 53 57 150 59
27 53 150 57 59
27 53 57 149 150
27 53 57 150 149
27 53 150 57 149
27 53 59 149 150
27 53 59 150 149
27 53 150 59 149
27 55 53 57 149
27 55 53 57 150
27 55 53 150 57
27 55 57 53 149
27 55 57 149 53
27 55 57 53 150
27 55 53 149 150
27 55 53 150 149
27 55 149 53 150
85 27 57 53 59
27 57 53 59 149
27 57 53 59 150
27 57 53 150 59
85 27 57 59 53
27 57 59 53 149
27 57 59 149 53
27 57 59 53 150
27 57 53 149 150
27 57 53 150 149
27 57 149 53 150
27 59 53 149 150
27 59 53 150 149
27 59 149 53 150
27 54 56 55 149
27 54 56 55 150
27 69 54 55 149
27 69 54 55 150
27 54 55 149 150
27 54 55 150 149
27 57 54 56 149
27 57 54 149 56
27 57 54 56 150
27 54 56 149 150
27 54 56 150 149
27 54 149 56 150
27 55 57 54 149
27 55 57 54 150
27 69 55 54 149
27 69 55 54 150
27 55 54 149 150
27 55 54 150 149
27 57 59 54 149
27 57 59 54 150
27 57 54 149 150
27 57 54 150 149
27 59 69 54 149
27 59 69 54 150
27 59 54 149 150
27 59 54 150 149
27 69 54 149 150
27 69 54 150 149
27 55 57 149 150
27 55 57 150 149
27 55 150 57 149
27 56 55 57 149
27 56 55 57 150
27 56 55 150 57
27 56 58 55 149
27 56 58 55 150
27 56 55 149 150
27 56 55 150 149
27 58 55 149 150
27 58 55 150 149
27 69 55 149 150
27 69 55 150 149
27 56 57 149 150
27 56 57 150 149
27 56 150 57 149
27 56 58 149 150
27 56 58 150 149
27 56 149 58 150
27 149 56 58 150
27 57 56 149 150
27 57 56 150 149
27 57 149 56 150
27 57 59 149 150
27 57 59 150 149
27 57 150 59 149
27 150 57 59 149
27 59 69 149 150
27 59 69 150 149
28 54 52 56 55
28 54 56 52 55
28 55 53 57 54
28 55 57 53 54
93 92 29 52 53
92 29 239 52 53
93 29 239 52 53
93 92 29 52 56
93 92 29 53 52
92 29 239 53 52
93 29 239 53 52
93 92 29 56 52
93 92 29 239 52
93 92 29 53 57
93 92 29 57 53
93 92 29 239 53
93 92 29 56 57
93 92 29 57 56
86 30 52 53 149
86 30 52 149 53
86 30 52 53 150
30 52 53 149 150
30 52 53 150 149
30 52 149 53 150
86 30 52 58 149
86 30 52 149 58
86 30 52 58 150
30 52 58 149 150
30 52 58 150 149
30 52 149 58 150
86 30 53 52 149
86 30 53 52 150
86 30 53 150 52
30 53 52 149 150
30 53 52 150 149
30 53 150 52 149
86 30 58 52 149
86 30 58 52 150
86 30 58 150 52
30 58 52 149 150
30 58 52 150 149
30 58 150 52 149
86 30 52 149 150
86 30 52 150 149
86 30 150 52 149
86 30 53 59 149
86 30 53 59 150
86 30 53 150 59
30 53 59 149 150
30 53 59 150 149
30 53 150 59 149
86 30 59 53 149
86 30 59 149 53
86 30 59 53 150
30 59 53 149 150
30 59 53 150 149
30 59 149 53 150
86 30 53 149 150
86 30 53 150 149
86 30 149 53 150
86 30 58 149 150
86 30 58 150 149
86 30 149 58 150
86 30 59 149 150
86 30 59 150 149
86 30 150 59 149
32 54 52 56 55
32 54 56 52 55
32 55 53 57 54
32 55 57 53 54
33 54 52 56 55
33 54 56 52 55
33 55 53 57 54
33 55 57 53 54
89 34 52 55 53
89 34 53 54 52
89 34 54 52 55
89 34 55 53 54
52 58 50 166 78
52 58 166 50 78
58 52 50 166 78
58 52 166 50 78
52 53 149 150 62
52 53 150 149 62
52 53 149 157 62
52 149 53 150 62
52 149 53 157 62
52 53 150 156 62
52 53 150 157 62
52 53 150 127 149
52 53 149 140 141
52 149 53 140 141
239 52 53 140 141
52 53 149 141 140
52 149 53 141 140
239 52 53 141 140
52 53 149 150 141
52 53 150 149 141
52 149 53 150 141
52 53 149 150 157
52 53 150 149 157
52 55 53 110 111
52 55 53 111 110
52 55 53 110 150
52 55 53 149 111
52 55 149 53 111
52 55 53 149 150
52 55 53 150 149
52 55 53 149 157
52 55 149 53 150
52 55 149 53 157
52 55 53 150 156
52 55 53 150 157
86 52 53 149 150
86 52 53 150 149
86 52 149 53 150
93 92 239 52 53
96 52 53 149 150
96 52 53 150 149
96 52 149 53 150
98 52 53 149 150
98 52 53 150 149
98 52 149 53 150
52 149 53 150 157
52 55 150 65 149
52 55 149 150 65
52 55 150 149 65
52 55 149 150 157
52 55 150 149 157
52 56 58 55 111
52 56 58 55 149
52 56 58 55 150
52 56 55 65 149
52 56 55 149 65
52 56 55 150 65
52 56 55 110 111
52 56 55 111 110
52 56 55 110 150
52 56 55 149 111
52 56 55 149 150
52 56 55 150 149
56 52 58 55 111
56 52 58 55 149
56 52 58 55 150
56 58 52 55 111
56 58 52 55 149
56 58 52 55 150
56 52 55 65 149
56 52 55 149 65
56 52 55 150 65
56 52 55 110 111
56 52 55 111 110
56 52 55 110 150
56 52 55 149 111
56 52 55 149 150
56 52 55 150 149
52 58 55 149 111
52 58 55 149 150
52 58 55 150 149
52 58 55 149 157
52 58 55 150 157
58 52 55 149 111
58 52 55 149 150
58 52 55 150 149
58 52 55 149 157
58 52 55 150 157
86 52 56 58 149
86 52 56 149 58
86 52 149 56 58
86 52 56 58 150
88 87 52 56 58
52 56 58 149 111
52 56 149 58 111
52 149 56 58 111
52 56 58 149 150
52 56 58 150 149
52 56 149 58 150
52 149 56 58 150
240 204 52 56 58
241 240 52 56 58
52 56 149 150 62
52 56 150 149 62
52 149 56 150 62
52 56 150 65 149
52 56 149 150 65
52 56 150 149 65
52 149 56 150 65
52 56 150 127 149
52 56 162 127 149
52 56 149 140 141
52 149 56 140 141
52 56 149 141 140
52 149 56 141 140
52 56 149 150 141
52 56 150 149 141
52 149 56 150 141
86 52 56 149 150
86 52 56 150 149
86 52 149 56 150
52 58 107 149 111
52 58 149 107 111
52 149 58 107 111
52 58 107 149 150
52 58 107 150 149
52 58 149 107 150
52 149 58 107 150
52 58 149 150 157
52 58 150 149 157
86 52 58 149 150
86 52 58 150 149
86 52 149 58 150
96 52 58 107 149
96 52 58 149 107
96 52 149 58 107
96 52 58 107 150
96 52 58 149 150
96 52 58 150 149
96 52 149 58 150
52 149 58 150 157
52 149 150 157 62
52 150 149 157 62
150 52 149 157 62
52 150 65 149 80
150 52 65 149 80
52 149 150 65 80
52 150 149 65 80
150 52 149 65 80
53 54 52 149 62
53 54 52 150 62
53 54 150 52 62
53 54 52 156 62
53 54 52 157 62
53 54 52 109 156
53 54 52 109 157
53 54 52 110 111
53 54 52 111 110
53 54 52 110 150
53 54 52 149 111
53 54 52 149 150
53 54 52 150 149
53 54 150 52 149
53 54 52 149 157
53 54 52 150 156
53 54 52 150 157
53 54 150 52 156
53 54 150 52 157
53 52 149 150 62
53 52 150 149 62
53 150 52 149 62
53 52 149 157 62
53 52 150 156 62
53 52 150 157 62
53 150 52 156 62
53 150 52 157 62
53 52 150 127 149
53 150 52 127 149
53 52 149 140 141
239 53 52 140 141
53 52 149 141 140
239 53 52 141 140
53 52 149 150 141
53 52 150 149 141
53 150 52 149 141
53 52 149 150 157
53 52 150 149 157
53 150 52 149 157
86 53 52 149 150
86 53 52 150 149
86 53 150 52 149
93 92 239 53 52
96 53 52 149 150
96 53 52 150 149
96 53 150 52 149
98 53 52 149 150
98 53 52 150 149
98 53 150 52 149
54 52 56 55 65
89 54 52 56 55
54 52 56 55 110
54 52 56 55 111
54 52 56 55 149
54 52 56 55 150
54 56 52 55 65
89 54 56 52 55
54 56 52 55 110
54 56 52 55 111
54 56 52 55 149
54 56 52 55 150
54 52 55 65 149
54 52 55 149 65
54 52 55 150 65
54 52 55 65 177
54 52 55 110 111
54 52 55 111 110
54 52 55 110 150
54 52 55 149 111
54 52 55 149 150
54 52 55 150 149
54 52 55 149 157
54 52 55 150 156
54 52 55 150 157
54 52 55 177 157
54 52 56 149 62
54 52 149 56 62
54 52 56 150 62
54 52 56 65 149
54 52 56 149 65
54 52 149 56 65
54 52 56 150 65
54 52 56 110 111
54 52 56 111 110
54 52 56 110 150
54 52 56 149 111
54 52 149 56 111
54 52 56 149 150
54 52 56 150 149
54 52 149 56 150
54 56 52 149 62
54 56 52 150 62
54 56 150 52 62
54 56 52 65 149
54 56 52 149 65
54 56 52 150 65
54 56 150 52 65
54 56 52 110 111
54 56 52 111 110
54 56 52 110 150
54 56 52 149 111
54 56 52 149 150
54 56 52 150 149
54 56 150 52 149
54 52 149 150 62
54 52 150 149 62
54 150 52 149 62
54 52 149 157 62
54 52 150 156 62
54 52 150 157 62
54 150 52 156 62
54 150 52 157 62
54 52 150 65 149
54 150 52 65 149
54 52 149 150 65
54 52 150 149 65
54 150 52 149 65
54 52 107 110 111
54 52 107 111 110
54 52 107 110 150
54 52 107 149 111
54 52 149 107 111
54 52 107 149 150
54 52 107 150 149
54 52 149 107 150
54 52 149 150 157
54 52 150 149 157
54 150 52 149 157
86 56 52 58 149
86 56 52 149 58
86 56 52 58 150
88 87 56 52 58
56 52 58 149 111
56 52 149 58 111
56 52 58 149 150
56 52 58 150 149
56 52 149 58 150
240 204 56 52 58
241 240 56 52 58
86 56 58 52 149
86 56 58 52 150
86 56 58 150 52
88 87 56 58 52
56 58 52 149 111
56 58 52 149 150
56 58 52 150 149
56 58 150 52 149
240 204 56 58 52
241 240 56 58 52
56 52 149 150 62
56 52 150 149 62
56 150 52 149 62
56 52 150 65 149
56 150 52 65 149
56 52 149 150 65
56 52 150 149 65
56 150 52 149 65
56 52 150 127 149
56 150 52 127 149
56 52 162 127 149
56 52 149 140 141
56 52 149 141 140
56 52 149 150 141
56 52 150 149 141
56 150 52 149 141
86 56 52 149 150
86 56 52 150 149
86 56 150 52 149
58 52 107 149 111
58 52 149 107 111
58 52 107 149 150
58 52 107 150 149
58 52 149 107 150
58 52 149 150 157
58 52 150 149 157
58 150 52 149 157
86 58 52 149 150
86 58 52 150 149
86 58 150 52 149
96 58 52 107 149
96 58 52 149 107
96 58 52 107 150
96 58 52 149 150
96 58 52 150 149
96 58 150 52 149
96 52 107 149 150
96 52 107 150 149
96 52 149 107 150
98 52 107 149 150
98 52 107 150 149
98 52 149 107 150
53 54 149 66 62
53 54 150 66 62
53 54 149 150 62
53 54 150 149 62
53 54 149 157 62
53 54 150 156 62
53 54 150 157 62
53 54 149 150 66
53 54 150 149 66
53 54 149 150 157
53 54 150 149 157
55 53 57 54 66
89 55 53 57 54
55 53 57 54 110
55 53 57 54 111
55 53 57 54 149
55 53 57 54 150
55 53 57 54 156
55 57 53 54 66
89 55 57 53 54
55 57 53 54 110
55 57 53 54 111
55 57 53 54 149
55 57 53 54 150
55 57 53 54 156
55 53 54 149 66
55 53 54 150 66
55 53 54 110 111
55 53 54 111 110
55 53 54 110 150
55 53 54 149 111
55 53 54 149 150
55 53 54 150 149
55 53 54 149 157
55 53 54 150 156
55 53 54 150 157
53 57 59 54 62
53 57 59 54 111
53 57 59 54 149
53 57 59 54 150
53 57 59 54 156
53 57 54 66 62
53 57 54 149 62
53 57 54 150 62
53 57 54 156 62
53 57 54 149 66
53 57 54 150 66
53 57 54 110 111
53 57 54 111 110
53 57 54 110 150
53 57 54 149 111
53 57 54 149 150
53 57 54 150 149
53 57 54 150 156
57 53 59 54 62
57 53 59 54 111
57 53 59 54 149
57 53 59 54 150
57 53 59 54 156
57 59 53 54 62
57 59 53 54 111
57 59 53 54 149
57 59 53 54 150
57 59 53 54 156
57 53 54 66 62
57 53 54 149 62
57 53 54 150 62
57 53 54 156 62
57 53 54 149 66
57 53 54 150 66
57 53 54 110 111
57 53 54 111 110
57 53 54 110 150
57 53 54 149 111
57 53 54 149 150
57 53 54 150 149
57 53 54 150 156
53 59 54 149 62
53 59 54 150 62
53 59 54 156 62
53 59 54 149 111
53 59 54 149 150
53 59 54 150 149
53 59 54 150 156
59 53 54 149 62
59 53 54 150 62
59 53 54 156 62
59 53 54 149 111
59 53 54 149 150
59 53 54 150 149
59 53 54 150 156
53 57 59 149 62
53 57 59 150 62
53 57 150 59 62
53 150 57 59 62
53 57 59 62 154
53 57 59 154 62
53 57 59 62 155
53 57 59 155 62
53 57 59 156 62
86 53 57 59 149
86 53 57 59 150
86 53 57 150 59
86 53 150 57 59
88 87 53 57 59
53 57 59 149 111
53 57 59 149 150
53 57 59 150 149
53 57 150 59 149
53 150 57 59 149
53 57 59 150 154
53 57 59 150 155
53 57 59 150 156
53 57 150 59 154
53 57 150 59 155
53 57 150 59 156
53 150 57 59 154
53 150 57 59 155
53 150 57 59 156
53 57 59 154 155
53 57 59 155 154
240 204 53 57 59
241 240 53 57 59
53 57 149 66 62
53 57 150 66 62
53 150 57 66 62
53 57 66 62 154
53 57 66 154 62
53 57 154 66 62
53 57 66 62 155
53 57 66 155 62
53 57 62 148 154
53 57 62 148 155
53 57 62 155 148
53 57 155 62 148
53 57 149 150 62
53 57 150 149 62
53 150 57 149 62
53 57 150 62 154
53 57 150 154 62
53 57 150 62 155
53 57 150 155 62
53 57 150 156 62
53 150 57 62 154
53 150 57 154 62
53 150 57 62 155
53 150 57 155 62
53 150 57 156 62
53 57 62 154 155
53 57 62 155 154
53 57 155 62 154
53 57 154 62 155
53 57 154 155 62
53 57 155 154 62
53 57 150 66 127
53 150 57 66 127
53 57 149 150 66
53 57 150 149 66
53 150 57 149 66
53 57 150 66 154
53 57 150 154 66
53 57 150 66 155
53 150 57 66 154
53 150 57 154 66
53 150 57 66 155
53 57 66 154 155
53 57 66 155 154
53 57 154 66 155
53 57 150 127 149
53 150 57 127 149
53 57 149 150 141
53 57 150 149 141
53 150 57 149 141
53 57 148 154 155
53 57 148 155 154
53 57 155 148 154
53 57 150 154 155
53 57 150 155 154
53 57 150 163 155
53 57 163 150 155
86 53 57 149 150
86 53 57 150 149
86 53 150 57 149
53 150 127 57 149
53 148 57 154 155
53 148 57 155 154
53 150 57 154 155
53 150 57 155 154
53 150 57 163 155
53 59 149 150 62
53 59 150 149 62
53 150 59 149 62
53 59 150 62 154
53 59 150 154 62
53 59 150 62 155
53 59 150 155 62
53 59 150 156 62
53 150 59 62 154
53 150 59 154 62
53 150 59 62 155
53 150 59 155 62
53 150 59 156 62
53 59 62 154 155
53 59 62 155 154
53 59 155 62 154
53 59 154 62 155
53 59 154 155 62
53 59 155 154 62
53 59 150 154 155
53 59 150 155 154
86 53 59 149 150
86 53 59 150 149
86 53 150 59 149
96 53 59 149 150
96 53 59 150 149
96 53 150 59 149
53 150 59 154 155
53 150 59 155 154
53 62 148 154 155
53 62 148 155 154
53 62 155 148 154
53 155 62 148 154
53 149 150 66 62
53 150 149 66 62
149 53 150 66 62
53 150 66 62 154
53 150 66 154 62
53 150 154 66 62
53 150 66 62 155
53 150 66 155 62
53 66 62 154 155
53 66 62 155 154
53 66 155 62 154
53 66 154 62 155
53 66 154 155 62
53 66 155 154 62
53 154 66 62 155
53 154 66 155 62
53 149 150 157 62
53 150 149 157 62
149 53 150 157 62
53 150 62 154 155
53 150 62 155 154
53 150 155 62 154
53 150 154 62 155
53 150 154 155 62
53 150 155 154 62
53 66 154 79 155
53 66 154 155 79
53 66 155 154 79
53 154 66 79 155
53 154 66 155 79
53 150 66 154 155
53 150 66 155 154
53 150 154 66 155
149 239 53 140 141
149 239 53 141 140
55 53 57 149 66
55 53 57 150 66
55 53 150 57 66
55 53 57 66 154
55 53 57 154 66
55 53 57 66 155
55 53 57 110 111
55 53 57 111 110
55 53 57 110 150
55 53 57 149 111
55 53 57 149 150
55 53 57 150 149
55 53 150 57 149
55 53 57 150 154
55 53 57 150 155
55 53 57 150 156
55 53 150 57 154
55 53 150 57 155
55 53 150 57 156
55 53 57 154 155
55 53 57 155 154
55 57 53 149 66
55 57 149 53 66
55 57 53 150 66
55 57 53 66 154
55 57 53 154 66
55 57 53 66 155
55 57 53 110 111
55 57 53 111 110
55 57 53 110 150
55 57 53 149 111
55 57 149 53 111
55 57 53 149 150
55 57 53 150 149
55 57 149 53 150
55 57 53 150 154
55 57 53 150 155
55 57 53 150 156
55 57 53 154 155
55 57 53 155 154
55 53 149 150 66
55 53 150 149 66
55 149 53 150 66
55 53 150 66 154
55 53 150 154 66
55 53 150 66 155
55 53 66 154 155
55 53 66 155 154
55 53 154 66 155
55 53 149 150 157
55 53 150 149 157
55 149 53 150 157
55 53 150 154 155
55 53 150 155 154
57 53 59 149 62
57 53 59 150 62
57 53 150 59 62
57 53 59 62 154
57 53 59 154 62
57 53 59 62 155
57 53 59 155 62
57 53 59 156 62
86 57 53 59 149
86 57 53 59 150
86 57 53 150 59
88 87 57 53 59
57 53 59 149 111
57 53 59 149 150
57 53 59 150 149
57 53 150 59 149
57 53 59 150 154
57 53 59 150 155
57 53 59 150 156
57 53 150 59 154
57 53 150 59 155
57 53 150 59 156
57 53 59 154 155
57 53 59 155 154
240 204 57 53 59
241 240 57 53 59
57 59 53 149 62
57 59 149 53 62
57 59 53 150 62
57 59 53 62 154
57 59 53 154 62
57 59 53 62 155
57 59 53 155 62
57 59 53 156 62
86 57 59 53 149
86 57 59 149 53
86 57 59 53 150
88 87 57 59 53
57 59 53 149 111
57 59 149 53 111
57 59 53 149 150
57 59 53 150 149
57 59 149 53 150
57 59 53 150 154
57 59 53 150 155
57 59 53 150 156
57 59 53 154 155
57 59 53 155 154
240 204 57 59 53
241 240 57 59 53
57 53 149 66 62
57 149 53 66 62
57 53 150 66 62
57 53 66 62 154
57 53 66 154 62
57 53 154 66 62
57 53 66 62 155
57 53 66 155 62
57 53 62 148 154
57 53 62 148 155
57 53 62 155 148
57 53 155 62 148
57 53 149 150 62
57 53 150 149 62
57 149 53 150 62
57 53 150 62 154
57 53 150 154 62
57 53 150 62 155
57 53 150 155 62
57 53 150 156 62
57 53 62 154 155
57 53 62 155 154
57 53 155 62 154
57 53 154 62 155
57 53 154 155 62
57 53 155 154 62
57 53 150 66 127
57 53 149 150 66
57 53 150 149 66
57 149 53 150 66
57 53 150 66 154
57 53 150 154 66
57 53 150 66 155
57 53 66 154 155
57 53 66 155 154
57 53 154 66 155
57 53 150 127 149
57 53 149 150 141
57 53 150 149 141
57 149 53 150 141
57 53 148 154 155
57 53 148 155 154
57 53 155 148 154
57 53 150 154 155
57 53 150 155 154
57 53 150 163 155
57 53 163 150 155
86 57 53 149 150
86 57 53 150 149
86 57 149 53 150
59 53 149 150 62
59 53 150 149 62
59 149 53 150 62
59 53 150 62 154
59 53 150 154 62
59 53 150 62 155
59 53 150 155 62
59 53 150 156 62
59 53 62 154 155
59 53 62 155 154
59 53 155 62 154
59 53 154 62 155
59 53 154 155 62
59 53 155 154 62
59 53 150 154 155
59 53 150 155 154
86 59 53 149 150
86 59 53 150 149
86 59 149 53 150
96 59 53 149 150
96 59 53 150 149
96 59 149 53 150
54 55 65 149 66
54 55 149 65 66
54 55 150 65 66
54 55 65 66 160
54 55 65 66 172
54 55 150 65 149
54 55 65 160 149
54 55 65 149 172
54 55 149 150 65
54 55 150 149 65
54 55 149 65 172
54 55 149 172 65
54 55 150 65 160
54 55 150 65 172
54 55 150 172 65
54 55 65 177 172
54 55 149 66 70
54 55 150 66 70
54 55 66 160 70
54 55 149 70 66
54 55 150 70 66
54 55 149 150 66
54 55 150 149 66
54 55 149 66 172
54 55 150 66 160
54 55 150 66 172
54 55 149 150 70
54 55 150 149 70
54 55 160 149 70
54 55 150 160 70
54 55 160 150 70
54 55 149 150 157
54 55 160 149 150
54 55 149 150 172
54 55 150 149 157
54 55 150 160 149
54 55 160 150 149
54 55 150 149 172
54 55 149 157 172
54 55 150 157 172
54 55 177 157 172
54 56 55 65 149
54 56 55 149 65
54 56 55 150 65
54 56 55 110 111
54 56 55 111 110
54 56 55 110 150
54 56 55 149 111
54 56 55 149 150
54 56 55 150 149
69 54 55 149 150
69 54 55 150 149
69 54 55 149 157
69 54 55 150 156
69 54 55 150 157
54 56 149 150 62
54 56 150 149 62
54 149 56 150 62
54 56 150 65 149
54 56 149 150 65
54 56 150 149 65
54 149 56 150 65
57 54 56 149 62
57 54 149 56 62
57 54 56 150 62
57 54 56 110 111
57 54 56 111 110
57 54 56 110 150
57 54 56 149 111
57 54 149 56 111
57 54 56 149 150
57 54 56 150 149
57 54 149 56 150
54 149 150 66 62
54 150 149 66 62
54 149 150 157 62
54 150 149 157 62
54 150 65 149 66
54 65 149 66 172
54 149 150 65 66
54 150 149 65 66
54 149 65 66 172
54 150 65 66 160
54 150 65 66 172
54 150 65 160 149
54 150 65 149 172
54 149 150 65 172
54 149 150 172 65
54 150 149 65 172
54 150 149 172 65
54 149 150 66 70
54 150 149 66 70
54 150 66 160 70
54 149 150 70 66
54 150 149 70 66
54 149 150 66 172
54 150 149 66 172
54 160 149 150 70
54 150 160 149 70
54 160 150 149 70
54 107 160 149 150
54 160 107 149 150
54 107 150 160 149
54 107 160 150 149
54 160 107 150 149
54 160 149 107 150
54 149 150 157 172
54 150 149 157 172
55 57 54 149 66
55 57 54 150 66
55 57 54 110 111
55 57 54 111 110
55 57 54 110 150
55 57 54 149 111
55 57 54 149 150
55 57 54 150 149
55 57 54 150 156
55 54 65 149 66
55 54 149 65 66
55 54 150 65 66
55 54 65 66 160
55 54 65 66 172
55 54 150 65 149
55 54 65 160 149
55 54 65 149 172
55 54 149 150 65
55 54 150 149 65
55 54 149 65 172
55 54 149 172 65
55 54 150 65 160
55 54 150 65 172
55 54 150 172 65
55 54 65 177 172
55 54 149 66 70
55 54 150 66 70
55 54 66 160 70
55 54 149 70 66
55 54 150 70 66
55 54 149 150 66
55 54 150 149 66
55 54 149 66 172
55 54 150 66 160
55 54 150 66 172
55 54 149 150 70
55 54 150 149 70
55 54 160 149 70
55 54 150 160 70
55 54 160 150 70
55 54 149 150 157
55 54 160 149 150
55 54 149 150 172
55 54 150 149 157
55 54 150 160 149
55 54 160 150 149
55 54 150 149 172
55 54 149 157 172
55 54 150 157 172
55 54 177 157 172
69 55 54 149 150
69 55 54 150 149
69 55 54 149 157
69 55 54 150 156
69 55 54 150 157
57 59 54 149 62
57 59 54 150 62
57 59 54 156 62
57 59 54 149 111
57 59 54 149 150
57 59 54 150 149
57 59 54 150 156
57 54 149 66 62
57 54 150 66 62
57 54 149 150 62
57 54 150 149 62
57 54 150 156 62
57 54 149 150 66
57 54 150 149 66
59 54 149 150 62
59 54 150 149 62
59 54 150 156 62
59 54 150 65 149
59 54 149 150 65
59 54 150 149 65
59 69 54 149 150
59 69 54 150 149
59 69 54 150 156
59 54 107 149 111
59 54 149 107 111
59 54 107 149 150
59 54 107 150 149
59 54 149 107 150
69 54 149 150 157
69 54 150 149 157
55 57 149 150 66
55 57 150 149 66
55 150 57 149 66
55 57 150 66 154
55 57 150 154 66
55 57 150 66 155
55 150 57 66 154
55 150 57 154 66
55 150 57 66 155
55 57 66 154 155
55 57 66 155 154
55 57 154 66 155
55 57 150 154 155
55 57 150 155 154
55 150 57 154 155
55 150 57 155 154
55 61 65 154 155
55 61 65 155 154
55 61 155 65 154
55 65 61 154 155
55 65 61 155 154
69 55 61 154 155
69 55 61 155 154
55 177 63 157 172
55 65 63 66 172
55 65 66 63 172
55 65 177 63 172
55 177 157 63 172
55 150 65 149 66
55 65 149 66 172
55 149 150 65 66
55 150 149 65 66
55 149 65 66 172
55 150 65 66 154
55 150 65 154 66
55 150 65 66 155
55 150 65 66 160
55 150 65 66 172
55 65 66 154 155
55 65 66 155 154
55 65 66 172 154
55 65 154 66 155
55 65 66 172 155
55 150 65 160 149
55 150 65 149 172
55 65 172 154 155
55 172 65 154 155
55 65 172 155 154
55 172 65 155 154
55 172 155 65 154
55 149 150 65 172
55 149 150 172 65
55 150 149 65 172
55 150 149 172 65
55 150 65 154 155
55 150 65 155 154
55 150 155 65 154
55 150 65 172 154
55 150 172 65 154
55 150 65 172 155
55 150 172 65 155
55 150 172 155 65
55 149 150 66 70
55 150 149 66 70
55 150 66 160 70
55 66 172 154 155
55 66 172 155 154
55 149 150 70 66
55 150 149 70 66
55 149 150 66 172
55 150 149 66 172
55 150 66 154 155
55 150 66 155 154
55 150 66 172 154
55 150 154 66 155
55 150 66 172 155
55 160 149 150 70
55 150 160 149 70
55 160 150 149 70
55 149 150 157 172
55 150 149 157 172
55 150 172 154 155
55 150 172 155 154
56 55 57 110 111
56 55 57 111 110
56 55 57 110 150
56 55 57 149 111
56 55 57 149 150
56 55 57 150 149
56 55 150 57 149
56 58 55 149 111
56 58 55 149 150
56 58 55 150 149
56 55 150 65 149
56 55 149 150 65
56 55 150 149 65
58 55 149 150 66
58 55 150 149 66
58 55 149 150 157
58 55 150 149 157
69 55 149 150 157
69 55 150 149 157
69 55 150 154 155
69 55 150 155 154
56 57 149 150 62
56 57 150 149 62
56 150 57 149 62
56 57 150 127 149
56 150 57 127 149
56 57 149 150 141
56 57 150 149 141
56 150 57 149 141
86 56 57 149 150
86 56 57 150 149
86 56 150 57 149
97 56 57 149 150
97 56 57 150 149
97 56 150 57 149
56 150 127 57 149
86 56 58 149 150
86 56 58 150 149
86 56 149 58 150
86 149 56 58 150
57 56 149 150 62
57 56 150 149 62
57 149 56 150 62
57 56 150 127 149
57 56 149 150 141
57 56 150 149 141
57 149 56 150 141
86 57 56 149 150
86 57 56 150 149
86 57 149 56 150
97 57 56 149 150
97 57 56 150 149
97 57 149 56 150
57 59 149 150 62
57 59 150 149 62
57 150 59 149 62
150 57 59 149 62
57 59 150 62 154
57 59 150 154 62
57 59 150 62 155
57 59 150 155 62
57 59 150 156 62
57 150 59 62 154
57 150 59 154 62
57 150 59 62 155
57 150 59 155 62
57 150 59 156 62
150 57 59 62 154
150 57 59 154 62
150 57 59 62 155
150 57 59 155 62
150 57 59 156 62
57 59 62 154 155
57 59 62 155 154
57 59 155 62 154
57 59 154 62 155
57 59 154 155 62
57 59 155 154 62
57 59 150 154 155
57 59 150 155 154
86 57 59 149 150
86 57 59 150 149
86 57 150 59 149
86 150 57 59 149
57 150 59 154 155
57 150 59 155 154
150 57 59 154 155
150 57 59 155 154
57 62 148 154 155
57 62 148 155 154
57 62 155 148 154
57 155 62 148 154
57 149 150 66 62
57 150 149 66 62
150 57 149 66 62
57 150 66 62 154
57 150 66 154 62
57 150 154 66 62
57 150 66 62 155
57 150 66 155 62
150 57 66 62 154
150 57 66 154 62
150 57 154 66 62
150 57 66 62 155
150 57 66 155 62
57 66 62 154 155
57 66 62 155 154
57 66 155 62 154
57 66 154 62 155
57 66 154 155 62
57 66 155 154 62
57 154 66 62 155
57 154 66 155 62
57 150 62 154 155
57 150 62 155 154
57 150 155 62 154
57 150 154 62 155
57 150 154 155 62
57 150 155 154 62
150 57 62 154 155
150 57 62 155 154
150 57 155 62 154
150 57 154 62 155
150 57 154 155 62
150 57 155 154 62
57 150 66 154 155
57 150 66 155 154
57 150 154 66 155
150 57 66 154 155
150 57 66 155 154
150 57 154 66 155
58 167 82 129 181
58 167 129 82 181
96 58 107 149 150
96 58 107 150 149
96 58 149 107 150
96 149 58 107 150
59 150 62 154 155
59 150 62 155 154
59 150 155 62 154
59 150 154 62 155
59 150 154 155 62
59 150 155 154 62
150 59 62 154 155
150 59 62 155 154
150 59 155 62 154
150 59 154 62 155
150 59 154 155 62
150 59 155 154 62
59 150 65 154 155
59 150 65 155 154
59 150 155 65 154
150 59 65 154 155
150 59 65 155 154
150 59 155 65 154
59 69 150 154 155
59 69 150 155 154
86 59 69 149 150
86 59 69 150 149
59 166 232 81 128
59 166 232 128 81
96 59 107 149 150
96 59 107 150 149
96 59 149 107 150
150 66 62 154 155
150 66 62 155 154
150 66 155 62 154
150 66 154 62 155
150 66 154 155 62
150 66 155 154 62
150 154 66 62 155
150 154 66 155 62
65 66 172 154 155
65 66 172 155 154
150 65 149 66 172
149 150 65 66 172
150 149 65 66 172
150 65 66 154 155
150 65 66 155 154
150 65 66 172 154
150 65 154 66 155
150 65 66 172 155
150 65 80 154 155
150 65 80 155 154
150 65 155 80 154
150 155 65 80 154
150 65 154 80 155
150 65 154 155 80
150 65 155 154 80
150 155 65 154 80
150 65 172 154 155
150 172 65 154 155
150 65 172 155 154
150 172 65 155 154
150 172 155 65 154
150 66 172 154 155
150 66 172 155 154
67 194 173 108 109
67 194 109 173 108
67 194 173 109 108
107 153 137 67 136
107 136 153 68 137
107 153 136 68 137
101 69 261 154 155
101 69 261 155 154
179 119 125 133 84
179 119 133 125 84
179 125 119 133 84
268 106 93 92 239
95 107 160 149 150
95 160 107 149 150
95 107 150 160 149
95 107 160 150 149
95 160 107 150 149
95 160 149 107 150
96 107 160 149 150
96 160 107 149 150
96 107 150 160 149
96 107 160 150 149
96 160 107 150 149
96 160 149 107 150
101 265 240 236 248
265 101 240 236 248
101 265 240 248 236
265 101 240 248 236
270 101 241 240 248
102 260 261 154 155
272 102 260 154 155
271 102 261 154 155
272 102 261 154 155
102 260 261 155 154
272 102 260 155 154
271 102 261 155 154
272 102 261 155 154
272 102 260 261 154
272 102 260 261 155
107 160 136 153 137
160 107 136 153 137
107 160 153 136 137
160 107 153 136 137
107 160 136 149 153
160 107 136 149 153
107 160 153 137 136
160 107 153 137 136
107 160 149 136 153
160 107 149 136 153
107 160 149 153 136
160 107 149 153 136
160 149 107 136 153
160 149 107 153 136
272 260 261 154 155
272 260 261 155 154
184 165 164 187 183
184 165 187 164 183
184 187 165 164 183
184 189 165 164 183
189 184 165 164 183
184 165 164 183 223
184 165 164 223 183
184 165 223 164 183
184 223 165 164 183
165 164 221 183 223
165 164 221 223 183
165 164 223 221 183
165 223 164 221 183
223 165 164 221 183
165 221 164 183 223
165 221 164 223 183
165 221 223 164 183
165 223 221 164 183
223 165 221 164 183
221 165 164 183 223
221 165 164 223 183
221 165 223 164 183
221 223 165 164 183
223 221 165 164 183
184 165 187 183 164
184 187 165 183 164
184 189 165 183 164
189 184 165 183 164
184 165 183 164 223
184 165 183 223 164
184 165 223 183 164
184 223 165 183 164
165 221 183 164 223
165 221 183 223 164
165 221 223 183 164
165 223 221 183 164
223 165 221 183 164
221 165 183 164 223
221 165 183 223 164
221 165 223 183 164
221 223 165 183 164
223 221 165 183 164
