55 53 57 54 66 8
55 53 57 54 149 8
55 57 53 54 66 8
55 57 53 54 149 8
55 53 54 149 66 8
53 57 54 149 66 8
57 53 54 149 66 8
55 53 57 149 66 8
55 57 53 149 66 8
55 57 149 53 66 8
55 57 54 149 66 8
52 55 53 149 26 150
52 55 53 149 150 26
52 55 53 150 149 26
52 55 53 149 26 157
52 55 149 53 26 150
52 55 149 53 150 26
52 55 149 53 26 157
52 55 53 26 150 156
52 55 53 26 150 157
52 55 53 150 26 156
52 55 53 150 156 26
52 55 53 150 26 157
52 53 149 26 150 157
52 53 149 150 26 157
52 53 150 149 26 157
52 149 53 26 150 157
52 149 53 150 26 157
52 56 55 65 149 26
52 56 55 149 65 26
52 56 55 150 65 26
52 56 55 149 26 150
52 56 55 149 150 26
52 56 55 150 149 26
56 52 55 65 149 26
56 52 55 149 65 26
56 52 55 150 65 26
56 52 55 149 26 150
56 52 55 149 150 26
56 52 55 150 149 26
52 55 150 65 149 26
52 55 149 150 65 26
52 55 150 149 65 26
52 55 149 26 150 157
52 55 149 150 26 157
52 55 150 149 26 157
52 56 150 65 149 26
52 56 149 150 65 26
52 56 150 149 65 26
52 149 56 150 65 26
53 54 52 149 26 150
53 54 52 149 150 26
53 54 52 150 149 26
53 54 150 52 149 26
53 54 52 149 26 157
53 54 52 26 150 156
53 54 52 26 150 157
53 54 52 150 26 156
53 54 52 150 156 26
53 54 52 150 26 157
53 54 150 52 26 156
53 54 150 52 156 26
53 54 150 52 26 157
53 52 149 26 150 157
53 52 149 150 26 157
53 52 150 149 26 157
53 150 52 149 26 157
54 52 56 55 65 26
54 52 56 55 149 26
54 52 56 55 26 150
54 52 56 55 150 26
54 56 52 55 65 26
54 56 52 55 149 26
54 56 52 55 26 150
54 56 52 55 150 26
54 52 55 65 149 26
54 52 55 149 65 26
54 52 55 150 65 26
54 52 55 149 26 150
54 52 55 149 150 26
54 52 55 150 149 26
54 52 55 149 26 157
54 52 55 26 150 156
54 52 55 26 150 157
54 52 55 150 26 156
54 52 55 150 156 26
54 52 55 150 26 157
54 52 56 65 149 26
54 52 56 149 65 26
54 52 149 56 65 26
54 52 56 150 65 26
54 52 56 149 26 150
54 52 56 149 150 26
54 52 56 150 149 26
54 52 149 56 26 150
54 52 149 56 150 26
54 56 52 65 149 26
54 56 52 149 65 26
54 56 52 150 65 26
54 56 150 52 65 26
54 56 52 149 26 150
54 56 52 149 150 26
54 56 52 150 149 26
54 56 150 52 149 26
54 52 150 65 149 26
54 150 52 65 149 26
54 52 149 150 65 26
54 52 150 149 65 26
54 150 52 149 65 26
54 52 149 26 107 150
54 52 107 149 26 150
54 52 107 149 150 26
54 52 107 150 149 26
54 52 149 107 26 150
54 52 149 107 150 26
54 52 149 26 150 157
54 52 149 150 26 157
54 52 150 149 26 157
54 150 52 149 26 157
56 52 150 65 149 26
56 150 52 65 149 26
56 52 149 150 65 26
56 52 150 149 65 26
56 150 52 149 65 26
55 53 57 54 149 26
55 53 57 54 26 150
55 53 57 54 150 26
55 53 57 54 26 156
55 53 57 54 156 26
55 57 53 54 149 26
55 57 53 54 26 150
55 57 53 54 150 26
55 57 53 54 26 156
55 57 53 54 156 26
55 53 54 149 26 150
55 53 54 149 150 26
55 53 54 150 149 26
55 53 54 149 26 157
55 53 54 26 150 156
55 53 54 26 150 157
55 53 54 150 26 156
55 53 54 150 156 26
55 53 54 150 26 157
53 57 54 149 26 150
53 57 54 149 150 26
53 57 54 150 149 26
53 57 54 26 150 156
53 57 54 150 26 156
53 57 54 150 156 26
57 53 54 149 26 150
57 53 54 149 150 26
57 53 54 150 149 26
57 53 54 26 150 156
57 53 54 150 26 156
57 53 54 150 156 26
53 54 149 26 150 157
53 54 149 150 26 157
53 54 150 149 26 157
55 53 57 149 26 150
55 53 57 149 150 26
55 53 57 150 149 26
55 53 150 57 149 26
55 53 57 26 150 156
55 53 57 150 26 156
55 53 57 150 156 26
55 53 150 57 26 156
55 53 150 57 156 26
55 57 53 149 26 150
55 57 53 149 150 26
55 57 53 150 149 26
55 57 149 53 26 150
55 57 149 53 150 26
55 57 53 26 150 156
55 57 53 150 26 156
55 57 53 150 156 26
55 53 149 26 150 157
55 53 149 150 26 157
55 53 150 149 26 157
55 149 53 26 150 157
55 149 53 150 26 157
54 56 55 65 149 26
54 56 55 149 65 26
54 56 55 150 65 26
54 56 55 149 26 150
54 56 55 149 150 26
54 56 55 150 149 26
54 55 150 65 149 26
54 55 149 150 65 26
54 55 150 149 65 26
54 55 149 26 150 157
54 55 149 150 26 157
54 55 150 149 26 157
57 54 56 149 26 150
57 54 56 149 150 26
57 54 56 150 149 26
57 54 149 56 26 150
57 54 149 56 150 26
54 56 150 65 149 26
54 56 149 150 65 26
54 56 150 149 65 26
54 149 56 150 65 26
55 57 54 149 26 150
55 57 54 149 150 26
55 57 54 150 149 26
55 57 54 26 150 156
55 57 54 150 26 156
55 57 54 150 156 26
55 54 150 65 149 26
55 54 149 150 65 26
55 54 150 149 65 26
55 54 149 26 150 157
55 54 149 150 26 157
55 54 150 149 26 157
56 55 57 149 26 150
56 55 57 149 150 26
56 55 57 150 149 26
56 55 150 57 149 26
56 55 150 65 149 26
56 55 149 150 65 26
56 55 150 149 65 26
27 52 55 53 149 150
27 52 55 53 150 149
27 52 55 149 53 150
27 52 56 58 55 149
27 52 56 58 55 150
27 52 56 55 149 150
27 52 56 55 150 149
27 56 52 58 55 149
27 56 52 58 55 150
27 56 58 52 55 149
27 56 58 52 55 150
27 56 52 55 149 150
27 56 52 55 150 149
27 52 58 55 149 150
27 52 58 55 150 149
27 58 52 55 149 150
27 58 52 55 150 149
27 52 56 58 149 150
27 52 56 58 150 149
27 52 56 149 58 150
27 52 149 56 58 150
27 53 54 52 149 150
27 53 54 52 150 149
27 53 54 150 52 149
27 54 52 56 55 149
27 54 52 56 55 150
27 54 56 52 55 149
27 54 56 52 55 150
27 54 52 55 149 150
27 54 52 55 150 149
27 54 52 56 149 150
27 54 52 56 150 149
27 54 52 149 56 150
27 54 56 52 149 150
27 54 56 52 150 149
27 54 56 150 52 149
27 56 52 58 149 150
27 56 52 58 150 149
27 56 52 149 58 150
27 56 58 52 149 150
27 56 58 52 150 149
27 56 58 150 52 149
27 55 53 57 54 149
27 55 53 57 54 150
27 55 57 53 54 149
27 55 57 53 54 150
27 55 53 54 149 150
27 55 53 54 150 149
27 53 57 59 54 149
27 53 57 59 54 150
27 53 57 54 149 150
27 53 57 54 150 149
27 57 53 59 54 149
27 57 53 59 54 150
27 57 59 53 54 149
27 57 59 53 54 150
27 57 53 54 149 150
27 57 53 54 150 149
27 53 59 54 149 150
27 53 59 54 150 149
27 59 53 54 149 150
27 59 53 54 150 149
27 53 57 59 149 150
27 53 57 59 150 149
27 53 57 150 59 149
27 53 150 57 59 149
27 55 53 57 149 150
27 55 53 57 150 149
27 55 53 150 57 149
27 55 57 53 149 150
27 55 57 53 150 149
27 55 57 149 53 150
27 57 53 59 149 150
27 57 53 59 150 149
27 57 53 150 59 149
27 57 59 53 149 150
27 57 59 53 150 149
27 57 59 149 53 150
27 54 56 55 149 150
27 54 56 55 150 149
27 69 54 55 149 150
27 69 54 55 150 149
27 57 54 56 149 150
27 57 54 56 150 149
27 57 54 149 56 150
27 55 57 54 149 150
27 55 57 54 150 149
27 69 55 54 149 150
27 69 55 54 150 149
27 57 59 54 149 150
27 57 59 54 150 149
27 59 69 54 149 150
27 59 69 54 150 149
27 56 55 57 149 150
27 56 55 57 150 149
27 56 55 150 57 149
27 56 58 55 149 150
27 56 58 55 150 149
93 92 29 239 52 53
93 92 29 239 53 52
86 30 52 53 149 150
86 30 52 53 150 149
86 30 52 149 53 150
86 30 52 58 149 150
86 30 52 58 150 149
86 30 52 149 58 150
86 30 53 52 149 150
86 30 53 52 150 149
86 30 53 150 52 149
86 30 58 52 149 150
86 30 58 52 150 149
86 30 58 150 52 149
86 30 53 59 149 150
86 30 53 59 150 149
86 30 53 150 59 149
86 30 59 53 149 150
86 30 59 53 150 149
86 30 59 149 53 150
52 53 149 150 157 62
52 53 150 149 157 62
52 149 53 150 157 62
52 55 53 149 150 157
52 55 53 150 149 157
52 55 149 53 150 157
52 56 58 55 149 111
52 56 58 55 149 150
52 56 58 55 150 149
52 56 55 150 65 149
52 56 55 149 150 65
52 56 55 150 149 65
56 52 58 55 149 111
56 52 58 55 149 150
56 52 58 55 150 149
56 58 52 55 149 111
56 58 52 55 149 150
56 58 52 55 150 149
56 52 55 150 65 149
56 52 55 149 150 65
56 52 55 150 149 65
52 58 55 149 150 157
52 58 55 150 149 157
58 52 55 149 150 157
58 52 55 150 149 157
86 52 56 58 149 150
86 52 56 58 150 149
86 52 56 149 58 150
86 52 149 56 58 150
96 52 58 107 149 150
96 52 58 107 150 149
96 52 58 149 107 150
96 52 149 58 107 150
53 54 52 149 150 62
53 54 52 150 149 62
53 54 150 52 149 62
53 54 52 149 157 62
53 54 52 150 156 62
53 54 52 150 157 62
53 54 150 52 156 62
53 54 150 52 157 62
53 54 52 149 150 157
53 54 52 150 149 157
53 54 150 52 149 157
53 52 149 150 157 62
53 52 150 149 157 62
53 150 52 149 157 62
54 52 56 55 65 149
54 52 56 55 149 65
54 52 56 55 150 65
54 52 56 55 110 111
54 52 56 55 111 110
54 52 56 55 110 150
54 52 56 55 149 111
54 52 56 55 149 150
54 52 56 55 150 149
54 56 52 55 65 149
54 56 52 55 149 65
54 56 52 55 150 65
54 56 52 55 110 111
54 56 52 55 111 110
54 56 52 55 110 150
54 56 52 55 149 111
54 56 52 55 149 150
54 56 52 55 150 149
54 52 55 150 65 149
54 52 55 149 150 65
54 52 55 150 149 65
54 52 55 149 150 157
54 52 55 150 149 157
54 52 56 149 150 62
54 52 56 150 149 62
54 52 149 56 150 62
54 52 56 150 65 149
54 52 56 149 150 65
54 52 56 150 149 65
54 52 149 56 150 65
54 56 52 149 150 62
54 56 52 150 149 62
54 56 150 52 149 62
54 56 52 150 65 149
54 56 150 52 65 149
54 56 52 149 150 65
54 56 52 150 149 65
54 56 150 52 149 65
54 52 149 150 157 62
54 52 150 149 157 62
54 150 52 149 157 62
86 56 52 58 149 150
86 56 52 58 150 149
86 56 52 149 58 150
86 56 58 52 149 150
86 56 58 52 150 149
86 56 58 150 52 149
96 58 52 107 149 150
96 58 52 107 150 149
96 58 52 149 107 150
53 54 149 150 66 62
53 54 150 149 66 62
53 54 149 150 157 62
53 54 150 149 157 62
55 53 57 54 149 66
55 53 57 54 150 66
55 53 57 54 110 111
55 53 57 54 111 110
55 53 57 54 110 150
55 53 57 54 149 111
55 53 57 54 149 150
55 53 57 54 150 149
55 53 57 54 150 156
55 57 53 54 149 66
55 57 53 54 150 66
55 57 53 54 110 111
55 57 53 54 111 110
55 57 53 54 110 150
55 57 53 54 149 111
55 57 53 54 149 150
55 57 53 54 150 149
55 57 53 54 150 156
55 53 54 149 150 66
55 53 54 150 149 66
55 53 54 149 150 157
55 53 54 150 149 157
53 57 59 54 149 62
53 57 59 54 150 62
53 57 59 54 156 62
53 57 59 54 149 111
53 57 59 54 149 150
53 57 59 54 150 149
53 57 59 54 150 156
53 57 54 149 66 62
53 57 54 150 66 62
53 57 54 149 150 62
53 57 54 150 149 62
53 57 54 150 156 62
53 57 54 149 150 66
53 57 54 150 149 66
57 53 59 54 149 62
57 53 59 54 150 62
57 53 59 54 156 62
57 53 59 54 149 111
57 53 59 54 149 150
57 53 59 54 150 149
57 53 59 54 150 156
57 59 53 54 149 62
57 59 53 54 150 62
57 59 53 54 156 62
57 59 53 54 149 111
57 59 53 54 149 150
57 59 53 54 150 149
57 59 53 54 150 156
57 53 54 149 66 62
57 53 54 150 66 62
57 53 54 149 150 62
57 53 54 150 149 62
57 53 54 150 156 62
57 53 54 149 150 66
57 53 54 150 149 66
53 59 54 149 150 62
53 59 54 150 149 62
53 59 54 150 156 62
59 53 54 149 150 62
59 53 54 150 149 62
59 53 54 150 156 62
53 57 59 149 150 62
53 57 59 150 149 62
53 57 150 59 149 62
53 150 57 59 149 62
53 57 59 150 62 154
53 57 59 150 154 62
53 57 59 150 62 155
53 57 59 150 155 62
53 57 59 150 156 62
53 57 150 59 62 154
53 57 150 59 154 62
53 57 150 59 62 155
53 57 150 59 155 62
53 57 150 59 156 62
53 150 57 59 62 154
53 150 57 59 154 62
53 150 57 59 62 155
53 150 57 59 155 62
53 150 57 59 156 62
53 57 59 62 154 155
53 57 59 62 155 154
53 57 59 155 62 154
53 57 59 154 62 155
53 57 59 154 155 62
53 57 59 155 154 62
86 53 57 59 149 150
86 53 57 59 150 149
86 53 57 150 59 149
86 53 150 57 59 149
53 57 59 150 154 155
53 57 59 150 155 154
53 57 150 59 154 155
53 57 150 59 155 154
53 150 57 59 154 155
53 150 57 59 155 154
53 57 149 150 66 62
53 57 150 149 66 62
53 150 57 149 66 62
53 57 150 66 62 154
53 57 150 66 154 62
53 57 150 154 66 62
53 57 150 66 62 155
53 57 150 66 155 62
53 150 57 66 62 154
53 150 57 66 154 62
53 150 57 154 66 62
53 150 57 66 62 155
53 150 57 66 155 62
53 57 66 62 154 155
53 57 66 62 155 154
53 57 66 155 62 154
53 57 66 154 62 155
53 57 66 154 155 62
53 57 66 155 154 62
53 57 154 66 62 155
53 57 154 66 155 62
53 57 62 148 154 155
53 57 62 148 155 154
53 57 62 155 148 154
53 57 155 62 148 154
53 57 150 62 154 155
53 57 150 62 155 154
53 57 150 155 62 154
53 57 150 154 62 155
53 57 150 154 155 62
53 57 150 155 154 62
53 150 57 62 154 155
53 150 57 62 155 154
53 150 57 155 62 154
53 150 57 154 62 155
53 150 57 154 155 62
53 150 57 155 154 62
53 57 150 66 154 155
53 57 150 66 155 154
53 57 150 154 66 155
53 150 57 66 154 155
53 150 57 66 155 154
53 150 57 154 66 155
53 59 150 62 154 155
53 59 150 62 155 154
53 59 150 155 62 154
53 59 150 154 62 155
53 59 150 154 155 62
53 59 150 155 154 62
53 150 59 62 154 155
53 150 59 62 155 154
53 150 59 155 62 154
53 150 59 154 62 155
53 150 59 154 155 62
53 150 59 155 154 62
53 150 66 62 154 155
53 150 66 62 155 154
53 150 66 155 62 154
53 150 66 154 62 155
53 150 66 154 155 62
53 150 66 155 154 62
53 150 154 66 62 155
53 150 154 66 155 62
55 53 57 149 150 66
55 53 57 150 149 66
55 53 150 57 149 66
55 53 57 150 66 154
55 53 57 150 154 66
55 53 57 150 66 155
55 53 150 57 66 154
55 53 150 57 154 66
55 53 150 57 66 155
55 53 57 66 154 155
55 53 57 66 155 154
55 53 57 154 66 155
55 53 57 150 154 155
55 53 57 150 155 154
55 53 150 57 154 155
55 53 150 57 155 154
55 57 53 149 150 66
55 57 53 150 149 66
55 57 149 53 150 66
55 57 53 150 66 154
55 57 53 150 154 66
55 57 53 150 66 155
55 57 53 66 154 155
55 57 53 66 155 154
55 57 53 154 66 155
55 57 53 150 154 155
55 57 53 150 155 154
55 53 150 66 154 155
55 53 150 66 155 154
55 53 150 154 66 155
57 53 59 149 150 62
57 53 59 150 149 62
57 53 150 59 149 62
57 53 59 150 62 154
57 53 59 150 154 62
57 53 59 150 62 155
57 53 59 150 155 62
57 53 59 150 156 62
57 53 150 59 62 154
57 53 150 59 154 62
57 53 150 59 62 155
57 53 150 59 155 62
57 53 150 59 156 62
57 53 59 62 154 155
57 53 59 62 155 154
57 53 59 155 62 154
57 53 59 154 62 155
57 53 59 154 155 62
57 53 59 155 154 62
86 57 53 59 149 150
86 57 53 59 150 149
86 57 53 150 59 149
57 53 59 150 154 155
57 53 59 150 155 154
57 53 150 59 154 155
57 53 150 59 155 154
57 59 53 149 150 62
57 59 53 150 149 62
57 59 149 53 150 62
57 59 53 150 62 154
57 59 53 150 154 62
57 59 53 150 62 155
57 59 53 150 155 62
57 59 53 150 156 62
57 59 53 62 154 155
57 59 53 62 155 154
57 59 53 155 62 154
57 59 53 154 62 155
57 59 53 154 155 62
57 59 53 155 154 62
86 57 59 53 149 150
86 57 59 53 150 149
86 57 59 149 53 150
57 59 53 150 154 155
57 59 53 150 155 154
57 53 149 150 66 62
57 53 150 149 66 62
57 149 53 150 66 62
57 53 150 66 62 154
57 53 150 66 154 62
57 53 150 154 66 62
57 53 150 66 62 155
57 53 150 66 155 62
57 53 66 62 154 155
57 53 66 62 155 154
57 53 66 155 62 154
57 53 66 154 62 155
57 53 66 154 155 62
57 53 66 155 154 62
57 53 154 66 62 155
57 53 154 66 155 62
57 53 62 148 154 155
57 53 62 148 155 154
57 53 62 155 148 154
57 53 155 62 148 154
57 53 150 62 154 155
57 53 150 62 155 154
57 53 150 155 62 154
57 53 150 154 62 155
57 53 150 154 155 62
57 53 150 155 154 62
57 53 150 66 154 155
57 53 150 66 155 154
57 53 150 154 66 155
59 53 150 62 154 155
59 53 150 62 155 154
59 53 150 155 62 154
59 53 150 154 62 155
59 53 150 154 155 62
59 53 150 155 154 62
54 55 150 65 149 66
54 55 65 149 66 172
54 55 149 150 65 66
54 55 150 149 65 66
54 55 149 65 66 172
54 55 150 65 66 160
54 55 150 65 66 172
54 55 150 65 160 149
54 55 150 65 149 172
54 55 149 150 65 172
54 55 149 150 172 65
54 55 150 149 65 172
54 55 150 149 172 65
54 55 149 150 66 70
54 55 150 149 66 70
54 55 150 66 160 70
54 55 149 150 70 66
54 55 150 149 70 66
54 55 149 150 66 172
54 55 150 149 66 172
54 55 160 149 150 70
54 55 150 160 149 70
54 55 160 150 149 70
54 55 149 150 157 172
54 55 150 149 157 172
54 56 55 150 65 149
54 56 55 149 150 65
54 56 55 150 149 65
69 54 55 149 150 157
69 54 55 150 149 157
57 54 56 149 150 62
57 54 56 150 149 62
57 54 149 56 150 62
54 150 65 149 66 172
54 149 150 65 66 172
54 150 149 65 66 172
55 57 54 149 150 66
55 57 54 150 149 66
55 54 150 65 149 66
55 54 65 149 66 172
55 54 149 150 65 66
55 54 150 149 65 66
55 54 149 65 66 172
55 54 150 65 66 160
55 54 150 65 66 172
55 54 150 65 160 149
55 54 150 65 149 172
55 54 149 150 65 172
55 54 149 150 172 65
55 54 150 149 65 172
55 54 150 149 172 65
55 54 149 150 66 70
55 54 150 149 66 70
55 54 150 66 160 70
55 54 149 150 70 66
55 54 150 149 70 66
55 54 149 150 66 172
55 54 150 149 66 172
55 54 160 149 150 70
55 54 150 160 149 70
55 54 160 150 149 70
55 54 149 150 157 172
55 54 150 149 157 172
69 55 54 149 150 157
69 55 54 150 149 157
57 59 54 149 150 62
57 59 54 150 149 62
57 59 54 150 156 62
57 54 149 150 66 62
57 54 150 149 66 62
55 57 150 66 154 155
55 57 150 66 155 154
55 57 150 154 66 155
55 150 57 66 154 155
55 150 57 66 155 154
55 150 57 154 66 155
55 150 65 149 66 172
55 149 150 65 66 172
55 150 149 65 66 172
55 150 65 66 154 155
55 150 65 66 155 154
55 150 65 66 172 154
55 150 65 154 66 155
55 150 65 66 172 155
55 65 66 172 154 155
55 65 66 172 155 154
55 150 65 172 154 155
55 150 172 65 154 155
55 150 65 172 155 154
55 150 172 65 155 154
55 150 172 155 65 154
55 150 66 172 154 155
55 150 66 172 155 154
57 59 150 62 154 155
57 59 150 62 155 154
57 59 150 155 62 154
57 59 150 154 62 155
57 59 150 154 155 62
57 59 150 155 154 62
57 150 59 62 154 155
57 150 59 62 155 154
57 150 59 155 62 154
57 150 59 154 62 155
57 150 59 154 155 62
57 150 59 155 154 62
150 57 59 62 154 155
150 57 59 62 155 154
150 57 59 155 62 154
150 57 59 154 62 155
150 57 59 154 155 62
150 57 59 155 154 62
57 150 66 62 154 155
57 150 66 62 155 154
57 150 66 155 62 154
57 150 66 154 62 155
57 150 66 154 155 62
57 150 66 155 154 62
57 150 154 66 62 155
57 150 154 66 155 62
150 57 66 62 154 155
150 57 66 62 155 154
150 57 66 155 62 154
150 57 66 154 62 155
150 57 66 154 155 62
150 57 66 155 154 62
150 57 154 66 62 155
150 57 154 66 155 62
150 65 66 172 154 155
150 65 66 172 155 154
272 102 260 261 154 155
272 102 260 261 155 154
