1 2 5 
1 2 12 
1 7 2 
1 5 7 
1 5 8 
10 1 5 
1 7 12 
10 1 7 
1 12 7 
12 1 7 
1 8 12 
10 1 8 
2 3 1 
2 1 5 
2 5 1 
2 1 12 
2 12 1 
3 1 7 
3 10 1 
5 3 1 
8 3 1 
12 3 1 
5 1 7 
5 1 8 
5 8 1 
5 10 1 
10 5 1 
8 1 12 
8 12 1 
10 8 1 
4 2 3 
2 5 3 
7 2 3 
2 12 3 
2 9 5 
9 2 5 
11 2 5 
2 9 12 
2 12 9 
4 2 9 
4 9 2 
4 11 2 
7 4 2 
11 4 2 
7 11 2 
7 2 12 
9 11 2 
9 2 12 
11 2 12 
3 4 10 
3 4 11 
3 7 4 
7 3 4 
3 11 4 
12 3 4 
3 6 11 
3 11 6 
3 7 11 
3 10 7 
12 3 7 
4 3 10 
4 3 11 
7 4 3 
12 4 3 
5 3 7 
5 7 3 
5 8 3 
5 3 10 
6 5 3 
6 3 11 
7 3 11 
7 12 3 
12 7 3 
8 12 3 
4 9 11 
4 10 9 
12 4 9 
7 4 11 
7 11 4 
7 12 4 
12 7 4 
11 12 4 
5 10 7 
10 5 7 
9 5 8 
5 10 8 
10 5 8 
6 9 5 
6 11 5 
11 6 5 
9 11 5 
10 9 5 
6 9 11 
7 11 12 
8 9 12 
10 8 9 
8 12 9 
9 8 12 
10 9 8 
9 11 12 
