1 13 53 55 111 
1 13 55 58 111 
1 13 55 58 196 
1 53 54 55 66 
1 53 54 55 111 
1 53 54 55 156 
2 54 55 65 177 
3 4 52 53 110 
4 52 53 110 111 
4 53 57 59 111 
4 53 57 110 111 
6 20 72 74 180 
6 20 74 165 180 
7 42 52 54 56 
7 42 54 56 57 
7 52 54 56 65 
7 53 54 57 66 
8 12 13 39 76 
8 13 43 53 55 
8 43 53 55 57 
8 43 55 56 57 
8 53 54 55 57 
8 53 54 55 66 
8 53 54 55 149 
8 53 54 57 66 
8 53 54 57 149 
8 53 54 66 149 
8 53 55 57 66 
8 53 55 57 149 
8 53 55 66 149 
8 53 57 66 149 
8 54 55 56 57 
8 54 55 56 149 
8 54 55 57 66 
8 54 55 57 149 
8 54 55 66 149 
8 54 56 57 149 
8 54 57 64 66 
8 54 57 66 149 
8 55 56 57 149 
8 55 57 66 149 
12 13 39 75 76 
13 53 55 110 111 
14 55 56 63 65 
14 55 61 63 65 
14 60 61 64 158 
14 61 63 64 65 
26 52 53 54 55 
26 52 53 54 149 
26 52 53 54 150 
26 52 53 54 156 
26 52 53 54 157 
26 52 53 55 149 
26 52 53 55 150 
26 52 53 55 156 
26 52 53 55 157 
26 52 53 149 150 
26 52 53 149 157 
26 52 53 150 156 
26 52 53 150 157 
26 52 54 55 56 
26 52 54 55 65 
26 52 54 55 149 
26 52 54 55 150 
26 52 54 55 156 
26 52 54 55 157 
26 52 54 56 65 
26 52 54 56 149 
26 52 54 56 150 
26 52 54 65 149 
26 52 54 65 150 
26 52 54 107 149 
26 52 54 107 150 
26 52 54 149 150 
26 52 54 149 157 
26 52 54 150 156 
26 52 54 150 157 
26 52 55 56 65 
26 52 55 56 149 
26 52 55 56 150 
26 52 55 65 149 
26 52 55 65 150 
26 52 55 149 150 
26 52 55 149 157 
26 52 55 150 156 
26 52 55 150 157 
26 52 56 65 149 
26 52 56 65 150 
26 52 56 149 150 
26 52 65 149 150 
26 52 107 149 150 
26 52 149 150 157 
26 53 54 55 57 
26 53 54 55 149 
26 53 54 55 150 
26 53 54 55 156 
26 53 54 55 157 
26 53 54 57 149 
26 53 54 57 150 
26 53 54 57 156 
26 53 54 149 150 
26 53 54 149 157 
26 53 54 150 156 
26 53 54 150 157 
26 53 55 57 149 
26 53 55 57 150 
26 53 55 57 156 
26 53 55 149 150 
26 53 55 149 157 
26 53 55 150 156 
26 53 55 150 157 
26 53 57 149 150 
26 53 57 150 156 
26 53 149 150 157 
26 54 55 56 57 
26 54 55 56 65 
26 54 55 56 149 
26 54 55 56 150 
26 54 55 57 149 
26 54 55 57 150 
26 54 55 57 156 
26 54 55 65 149 
26 54 55 65 150 
26 54 55 149 150 
26 54 55 149 157 
26 54 55 150 156 
26 54 55 150 157 
26 54 56 57 149 
26 54 56 57 150 
26 54 56 65 149 
26 54 56 65 150 
26 54 56 149 150 
26 54 57 64 156 
26 54 57 149 150 
26 54 57 150 156 
26 54 65 149 150 
26 54 107 149 150 
26 54 149 150 157 
26 55 56 57 149 
26 55 56 57 150 
26 55 56 65 149 
26 55 56 65 150 
26 55 56 149 150 
26 55 57 149 150 
26 55 57 150 156 
26 55 65 149 150 
26 55 149 150 157 
26 56 57 149 150 
26 56 65 149 150 
26 107 164 165 180 
27 52 53 54 55 
27 52 53 54 149 
27 52 53 54 150 
27 52 53 55 149 
27 52 53 55 150 
27 52 53 149 150 
27 52 54 55 56 
27 52 54 55 149 
27 52 54 55 150 
27 52 54 56 149 
27 52 54 56 150 
27 52 54 149 150 
27 52 55 56 58 
27 52 55 56 149 
27 52 55 56 150 
27 52 55 58 149 
27 52 55 58 150 
27 52 55 149 150 
27 52 56 58 85 
27 52 56 58 149 
27 52 56 58 150 
27 52 56 149 150 
27 52 58 149 150 
27 53 54 55 57 
27 53 54 55 149 
27 53 54 55 150 
27 53 54 57 59 
27 53 54 57 149 
27 53 54 57 150 
27 53 54 59 149 
27 53 54 59 150 
27 53 54 149 150 
27 53 55 57 149 
27 53 55 57 150 
27 53 55 149 150 
27 53 57 59 85 
27 53 57 59 149 
27 53 57 59 150 
27 53 57 149 150 
27 53 59 149 150 
27 54 55 56 57 
27 54 55 56 149 
27 54 55 56 150 
27 54 55 57 149 
27 54 55 57 150 
27 54 55 69 149 
27 54 55 69 150 
27 54 55 149 150 
27 54 56 57 149 
27 54 56 57 150 
27 54 56 149 150 
27 54 57 59 149 
27 54 57 59 150 
27 54 57 149 150 
27 54 59 69 149 
27 54 59 69 150 
27 54 59 149 150 
27 54 69 149 150 
27 55 56 57 149 
27 55 56 57 150 
27 55 56 58 149 
27 55 56 58 150 
27 55 56 149 150 
27 55 57 149 150 
27 55 58 149 150 
27 55 69 149 150 
27 56 57 149 150 
27 56 58 149 150 
27 57 59 149 150 
27 59 69 149 150 
28 52 53 54 55 
28 52 54 55 56 
28 53 54 55 57 
28 54 55 56 57 
29 52 53 92 93 
29 52 53 92 239 
29 52 53 93 239 
29 52 56 92 93 
29 52 92 93 239 
29 53 57 92 93 
29 53 92 93 239 
29 56 57 92 93 
30 52 53 86 149 
30 52 53 86 150 
30 52 53 149 150 
30 52 58 86 149 
30 52 58 86 150 
30 52 58 149 150 
30 52 86 149 150 
30 53 59 86 149 
30 53 59 86 150 
30 53 59 149 150 
30 53 86 149 150 
30 58 86 149 150 
30 59 86 149 150 
31 52 53 54 55 
32 52 53 54 55 
32 52 54 55 56 
32 53 54 55 57 
32 54 55 56 57 
33 52 53 54 55 
33 52 54 55 56 
33 53 54 55 57 
33 54 55 56 57 
34 52 53 54 55 
34 52 53 54 89 
34 52 53 55 89 
34 52 54 55 89 
34 53 54 55 89 
50 52 58 78 166 
52 53 54 55 89 
52 53 54 55 110 
52 53 54 55 111 
52 53 54 55 149 
52 53 54 55 150 
52 53 54 55 156 
52 53 54 55 157 
52 53 54 55 237 
52 53 54 55 242 
52 53 54 62 149 
52 53 54 62 150 
52 53 54 62 156 
52 53 54 62 157 
52 53 54 109 156 
52 53 54 109 157 
52 53 54 110 111 
52 53 54 110 150 
52 53 54 111 149 
52 53 54 149 150 
52 53 54 149 157 
52 53 54 150 156 
52 53 54 150 157 
52 53 55 110 111 
52 53 55 110 150 
52 53 55 111 149 
52 53 55 149 150 
52 53 55 149 157 
52 53 55 150 156 
52 53 55 150 157 
52 53 62 149 150 
52 53 62 149 157 
52 53 62 150 156 
52 53 62 150 157 
52 53 86 149 150 
52 53 92 93 239 
52 53 96 149 150 
52 53 98 149 150 
52 53 126 140 239 
52 53 126 150 239 
52 53 127 149 150 
52 53 140 141 149 
52 53 140 141 239 
52 53 140 149 239 
52 53 141 149 150 
52 53 141 149 239 
52 53 141 150 239 
52 53 149 150 157 
52 53 149 150 239 
52 54 55 56 65 
52 54 55 56 89 
52 54 55 56 110 
52 54 55 56 111 
52 54 55 56 149 
52 54 55 56 150 
52 54 55 65 149 
52 54 55 65 150 
52 54 55 65 177 
52 54 55 110 111 
52 54 55 110 150 
52 54 55 111 149 
52 54 55 149 150 
52 54 55 149 157 
52 54 55 150 156 
52 54 55 150 157 
52 54 55 157 177 
52 54 56 62 149 
52 54 56 62 150 
52 54 56 65 149 
52 54 56 65 150 
52 54 56 110 111 
52 54 56 110 150 
52 54 56 111 149 
52 54 56 149 150 
52 54 62 149 150 
52 54 62 149 157 
52 54 62 150 156 
52 54 62 150 157 
52 54 65 149 150 
52 54 107 110 111 
52 54 107 110 150 
52 54 107 111 149 
52 54 107 149 150 
52 54 149 150 157 
52 55 56 58 111 
52 55 56 58 149 
52 55 56 58 150 
52 55 56 65 149 
52 55 56 65 150 
52 55 56 110 111 
52 55 56 110 150 
52 55 56 111 149 
52 55 56 149 150 
52 55 58 111 149 
52 55 58 149 150 
52 55 58 149 157 
52 55 58 150 157 
52 55 65 149 150 
52 55 149 150 157 
52 56 58 86 149 
52 56 58 86 150 
52 56 58 87 88 
52 56 58 111 149 
52 56 58 149 150 
52 56 58 204 240 
52 56 58 240 241 
52 56 62 149 150 
52 56 65 126 150 
52 56 65 149 150 
52 56 86 149 150 
52 56 127 149 150 
52 56 127 149 162 
52 56 140 141 149 
52 56 141 149 150 
52 58 86 149 150 
52 58 96 107 149 
52 58 96 107 150 
52 58 96 149 150 
52 58 107 111 149 
52 58 107 149 150 
52 58 149 150 157 
52 62 149 150 157 
52 65 80 149 150 
52 96 107 149 150 
52 98 107 149 150 
52 107 142 149 239 
52 107 149 150 239 
52 140 141 149 239 
52 141 149 150 239 
53 54 55 57 66 
53 54 55 57 89 
53 54 55 57 110 
53 54 55 57 111 
53 54 55 57 149 
53 54 55 57 150 
53 54 55 57 156 
53 54 55 66 149 
53 54 55 66 150 
53 54 55 110 111 
53 54 55 110 150 
53 54 55 111 149 
53 54 55 149 150 
53 54 55 149 157 
53 54 55 150 156 
53 54 55 150 157 
53 54 57 59 62 
53 54 57 59 111 
53 54 57 59 149 
53 54 57 59 150 
53 54 57 59 156 
53 54 57 62 66 
53 54 57 62 149 
53 54 57 62 150 
53 54 57 62 156 
53 54 57 66 149 
53 54 57 66 150 
53 54 57 109 156 
53 54 57 110 111 
53 54 57 110 150 
53 54 57 111 149 
53 54 57 149 150 
53 54 57 150 156 
53 54 59 62 149 
53 54 59 62 150 
53 54 59 62 156 
53 54 59 111 149 
53 54 59 149 150 
53 54 59 150 156 
53 54 62 66 149 
53 54 62 66 150 
53 54 62 149 150 
53 54 62 149 157 
53 54 62 150 156 
53 54 62 150 157 
53 54 66 149 150 
53 54 149 150 157 
53 55 57 66 149 
53 55 57 66 150 
53 55 57 66 154 
53 55 57 66 155 
53 55 57 110 111 
53 55 57 110 150 
53 55 57 111 149 
53 55 57 149 150 
53 55 57 150 154 
53 55 57 150 155 
53 55 57 150 156 
53 55 57 154 155 
53 55 66 149 150 
53 55 66 150 154 
53 55 66 150 155 
53 55 66 154 155 
53 55 149 150 157 
53 55 150 154 155 
53 57 59 62 149 
53 57 59 62 150 
53 57 59 62 154 
53 57 59 62 155 
53 57 59 62 156 
53 57 59 86 149 
53 57 59 86 150 
53 57 59 87 88 
53 57 59 111 149 
53 57 59 149 150 
53 57 59 150 154 
53 57 59 150 155 
53 57 59 150 156 
53 57 59 154 155 
53 57 59 204 240 
53 57 59 240 241 
53 57 62 66 149 
53 57 62 66 150 
53 57 62 66 154 
53 57 62 66 155 
53 57 62 148 154 
53 57 62 148 155 
53 57 62 149 150 
53 57 62 150 154 
53 57 62 150 155 
53 57 62 150 156 
53 57 62 154 155 
53 57 66 127 149 
53 57 66 127 150 
53 57 66 149 150 
53 57 66 150 154 
53 57 66 150 155 
53 57 66 154 155 
53 57 86 149 150 
53 57 126 148 154 
53 57 126 150 154 
53 57 127 149 150 
53 57 141 149 150 
53 57 148 154 155 
53 57 150 154 155 
53 57 150 155 163 
53 59 62 149 150 
53 59 62 150 154 
53 59 62 150 155 
53 59 62 150 156 
53 59 62 154 155 
53 59 86 149 150 
53 59 96 149 150 
53 59 150 154 155 
53 62 66 149 150 
53 62 66 150 154 
53 62 66 150 155 
53 62 66 154 155 
53 62 148 154 155 
53 62 149 150 157 
53 62 150 154 155 
53 66 79 154 155 
53 66 127 149 150 
53 66 150 154 155 
53 140 141 149 239 
53 141 149 150 239 
54 55 56 57 89 
54 55 56 57 110 
54 55 56 57 111 
54 55 56 57 149 
54 55 56 57 150 
54 55 56 65 149 
54 55 56 65 150 
54 55 56 110 111 
54 55 56 110 150 
54 55 56 111 149 
54 55 56 149 150 
54 55 57 66 149 
54 55 57 66 150 
54 55 57 110 111 
54 55 57 110 150 
54 55 57 111 149 
54 55 57 149 150 
54 55 57 150 156 
54 55 65 66 149 
54 55 65 66 150 
54 55 65 66 160 
54 55 65 66 172 
54 55 65 149 150 
54 55 65 149 160 
54 55 65 149 172 
54 55 65 150 160 
54 55 65 150 172 
54 55 65 172 177 
54 55 66 70 149 
54 55 66 70 150 
54 55 66 70 160 
54 55 66 149 150 
54 55 66 149 160 
54 55 66 149 172 
54 55 66 150 160 
54 55 66 150 172 
54 55 69 149 150 
54 55 69 149 157 
54 55 69 150 156 
54 55 69 150 157 
54 55 70 149 150 
54 55 70 149 160 
54 55 70 150 160 
54 55 149 150 157 
54 55 149 150 160 
54 55 149 150 172 
54 55 149 157 172 
54 55 150 157 172 
54 55 157 172 177 
54 56 57 62 149 
54 56 57 62 150 
54 56 57 110 111 
54 56 57 110 150 
54 56 57 111 149 
54 56 57 149 150 
54 56 62 149 150 
54 56 65 149 150 
54 57 59 62 149 
54 57 59 62 150 
54 57 59 62 156 
54 57 59 111 149 
54 57 59 149 150 
54 57 59 150 156 
54 57 62 66 149 
54 57 62 66 150 
54 57 62 149 150 
54 57 62 150 156 
54 57 66 149 150 
54 59 62 149 150 
54 59 62 150 156 
54 59 65 149 150 
54 59 69 149 150 
54 59 69 150 156 
54 59 107 111 149 
54 59 107 149 150 
54 62 66 149 150 
54 62 149 150 157 
54 65 66 149 150 
54 65 66 149 160 
54 65 66 149 172 
54 65 66 150 160 
54 65 66 150 172 
54 65 113 172 177 
54 65 149 150 160 
54 65 149 150 172 
54 66 70 149 150 
54 66 70 149 160 
54 66 70 150 160 
54 66 149 150 160 
54 66 149 150 172 
54 69 149 150 157 
54 70 149 150 160 
54 107 149 150 160 
54 149 150 157 172 
55 56 57 110 111 
55 56 57 110 150 
55 56 57 111 149 
55 56 57 149 150 
55 56 58 111 149 
55 56 58 149 150 
55 56 65 149 150 
55 57 66 149 150 
55 57 66 150 154 
55 57 66 150 155 
55 57 66 154 155 
55 57 150 154 155 
55 58 66 149 150 
55 58 149 150 157 
55 61 65 154 155 
55 61 69 154 155 
55 63 65 66 172 
55 63 65 172 177 
55 63 157 172 177 
55 65 66 149 150 
55 65 66 149 160 
55 65 66 149 172 
55 65 66 150 154 
55 65 66 150 155 
55 65 66 150 160 
55 65 66 150 172 
55 65 66 154 155 
55 65 66 154 172 
55 65 66 155 172 
55 65 149 150 160 
55 65 149 150 172 
55 65 150 154 155 
55 65 150 154 172 
55 65 150 155 172 
55 65 154 155 172 
55 66 70 149 150 
55 66 70 149 160 
55 66 70 150 160 
55 66 149 150 160 
55 66 149 150 172 
55 66 150 154 155 
55 66 150 154 172 
55 66 150 155 172 
55 66 154 155 172 
55 69 149 150 157 
55 69 150 154 155 
55 70 149 150 160 
55 149 150 157 172 
55 150 154 155 172 
56 57 62 149 150 
56 57 86 149 150 
56 57 97 149 150 
56 57 127 149 150 
56 57 141 149 150 
56 58 86 149 150 
57 59 62 149 150 
57 59 62 150 154 
57 59 62 150 155 
57 59 62 150 156 
57 59 62 154 155 
57 59 86 149 150 
57 59 150 154 155 
57 62 66 149 150 
57 62 66 150 154 
57 62 66 150 155 
57 62 66 154 155 
57 62 148 154 155 
57 62 150 154 155 
57 66 127 149 150 
57 66 150 154 155 
58 82 129 167 181 
58 96 107 149 150 
59 62 150 154 155 
59 65 150 154 155 
59 69 86 149 150 
59 69 150 154 155 
59 81 128 166 232 
59 96 107 149 150 
62 66 150 154 155 
65 66 149 150 160 
65 66 149 150 172 
65 66 150 154 155 
65 66 150 154 172 
65 66 150 155 172 
65 66 154 155 172 
65 80 150 154 155 
65 150 154 155 172 
66 70 149 150 160 
66 127 149 150 160 
66 150 154 155 172 
67 107 136 137 153 
67 108 109 173 194 
68 107 136 137 153 
68 107 136 137 160 
68 107 136 153 160 
68 107 137 153 160 
68 136 137 153 160 
69 101 154 155 261 
84 119 125 133 179 
84 125 133 175 179 
92 93 106 239 268 
95 107 149 150 160 
96 107 149 150 160 
100 107 149 150 239 
101 236 240 248 265 
101 240 241 248 270 
102 154 155 260 261 
102 154 155 260 272 
102 154 155 261 271 
102 154 155 261 272 
102 154 260 261 272 
102 155 260 261 272 
107 136 137 153 160 
107 136 149 153 160 
107 149 150 239 250 
154 155 260 261 272 
164 165 183 184 187 
164 165 183 184 189 
164 165 183 184 223 
164 165 183 221 223 
