8 53 54 55 57 66 149 
26 52 53 54 55 149 150 
26 52 53 54 55 149 157 
26 52 53 54 55 150 156 
26 52 53 54 55 150 157 
26 52 53 54 149 150 157 
26 52 53 55 149 150 157 
26 52 54 55 56 65 149 
26 52 54 55 56 65 150 
26 52 54 55 56 149 150 
26 52 54 55 65 149 150 
26 52 54 55 149 150 157 
26 52 54 56 65 149 150 
26 52 55 56 65 149 150 
26 53 54 55 57 149 150 
26 53 54 55 57 150 156 
26 53 54 55 149 150 157 
26 54 55 56 57 149 150 
26 54 55 56 65 149 150 
27 52 53 54 55 149 150 
27 52 54 55 56 149 150 
27 52 55 56 58 149 150 
27 53 54 55 57 149 150 
27 53 54 57 59 149 150 
27 54 55 56 57 149 150 
52 53 54 55 149 150 157 
52 53 54 62 149 150 157 
52 54 55 56 65 149 150 
53 54 55 57 66 149 150 
53 54 57 59 62 149 150 
53 54 57 59 62 150 156 
53 54 57 62 66 149 150 
53 55 57 66 150 154 155 
53 57 59 62 150 154 155 
53 57 62 66 150 154 155 
54 55 65 66 149 150 160 
54 55 65 66 149 150 172 
54 55 66 70 149 150 160 
55 65 66 150 154 155 172 
