1 3 53 
1 3 58 
1 3 196 
1 13 53 
1 13 55 
1 13 58 
1 13 111 
1 13 176 
1 13 196 
1 53 54 
1 53 55 
1 53 66 
1 53 111 
1 53 156 
1 54 55 
1 54 66 
1 54 111 
1 54 156 
1 54 176 
1 55 58 
1 55 66 
1 55 111 
1 55 156 
1 55 176 
1 55 196 
1 58 66 
1 58 111 
1 58 196 
2 4 197 
2 6 43 
2 12 43 
2 43 55 
2 43 197 
2 54 55 
2 54 65 
2 54 177 
2 55 58 
2 55 65 
2 55 177 
2 55 197 
2 65 177 
2 65 197 
2 169 223 
2 183 223 
3 4 52 
3 4 53 
3 4 80 
3 4 110 
3 4 173 
3 4 174 
3 4 175 
3 52 53 
3 52 58 
3 52 80 
3 52 110 
3 52 196 
3 52 218 
3 53 79 
3 53 110 
3 53 173 
3 58 122 
3 58 173 
3 58 196 
3 81 116 
3 81 128 
3 81 175 
3 81 196 
3 81 210 
3 81 228 
3 116 122 
3 116 186 
3 116 228 
3 122 175 
3 122 186 
3 128 186 
3 164 175 
3 164 182 
3 164 183 
3 164 186 
3 174 198 
3 182 186 
3 186 196 
3 218 228 
4 52 53 
4 52 80 
4 52 110 
4 52 111 
4 53 57 
4 53 59 
4 53 66 
4 53 110 
4 53 111 
4 53 173 
4 53 197 
4 53 203 
4 57 59 
4 57 66 
4 57 110 
4 57 111 
4 59 111 
4 59 129 
4 59 173 
4 59 174 
4 59 197 
4 66 70 
4 68 174 
4 70 80 
4 80 82 
4 82 129 
4 82 175 
4 82 197 
4 110 111 
4 123 129 
4 123 175 
4 129 187 
4 187 197 
5 19 73 
5 19 164 
5 19 180 
5 19 219 
5 42 164 
5 42 180 
5 50 164 
5 50 180 
5 73 164 
5 164 180 
6 18 20 
6 18 38 
6 18 51 
6 18 72 
6 18 165 
6 20 72 
6 20 74 
6 20 165 
6 20 174 
6 20 175 
6 20 180 
6 20 220 
6 38 72 
6 38 165 
6 43 157 
6 43 165 
6 51 165 
6 51 175 
6 51 231 
6 63 74 
6 63 157 
6 63 180 
6 63 220 
6 72 74 
6 72 180 
6 74 165 
6 74 180 
6 74 220 
6 157 165 
6 157 174 
6 165 175 
6 165 180 
6 165 231 
6 174 180 
6 174 231 
6 180 231 
7 11 39 
7 11 42 
7 13 39 
7 13 53 
7 13 73 
7 13 221 
7 42 52 
7 42 54 
7 42 56 
7 42 57 
7 42 178 
7 52 53 
7 52 54 
7 52 56 
7 52 65 
7 52 208 
7 53 54 
7 53 57 
7 53 66 
7 54 56 
7 54 57 
7 54 65 
7 54 66 
7 54 73 
7 54 208 
7 56 57 
7 56 65 
7 57 66 
7 65 66 
7 83 132 
7 83 178 
7 132 178 
8 12 13 
8 12 39 
8 12 43 
8 12 76 
8 13 39 
8 13 43 
8 13 53 
8 13 55 
8 13 76 
8 39 76 
8 43 53 
8 43 55 
8 43 56 
8 43 57 
8 53 54 
8 53 55 
8 53 57 
8 53 66 
8 53 149 
8 53 168 
8 53 169 
8 54 55 
8 54 56 
8 54 57 
8 54 64 
8 54 66 
8 54 149 
8 55 56 
8 55 57 
8 55 66 
8 55 149 
8 56 57 
8 56 149 
8 57 64 
8 57 66 
8 57 149 
8 64 66 
8 66 149 
9 17 39 
10 18 39 
10 18 72 
10 39 72 
11 14 40 
11 14 48 
11 14 158 
11 14 171 
11 17 39 
11 17 40 
11 19 38 
11 19 112 
11 38 75 
11 38 76 
11 39 75 
11 39 76 
11 40 48 
11 42 48 
11 42 112 
11 48 112 
11 48 158 
11 75 76 
11 112 158 
11 112 171 
12 13 20 
12 13 39 
12 13 41 
12 13 43 
12 13 49 
12 13 75 
12 13 76 
12 15 41 
12 15 49 
12 15 172 
12 20 72 
12 39 72 
12 39 75 
12 39 76 
12 43 45 
12 43 172 
12 45 75 
12 45 76 
12 49 72 
12 49 159 
12 72 172 
12 75 76 
12 159 172 
13 19 38 
13 19 73 
13 19 113 
13 19 164 
13 19 176 
13 20 58 
13 20 113 
13 20 177 
13 38 75 
13 38 76 
13 39 75 
13 39 76 
13 43 53 
13 43 55 
13 43 113 
13 53 55 
13 53 109 
13 53 110 
13 53 111 
13 53 201 
13 53 207 
13 55 58 
13 55 110 
13 55 111 
13 55 166 
13 55 176 
13 55 177 
13 55 196 
13 58 108 
13 58 111 
13 58 166 
13 58 196 
13 58 207 
13 73 113 
13 73 164 
13 75 76 
13 75 164 
13 108 109 
13 108 195 
13 109 166 
13 109 195 
13 110 111 
13 110 207 
13 111 248 
13 113 177 
13 164 166 
13 164 221 
13 166 176 
13 176 195 
13 176 200 
13 176 201 
13 176 248 
13 177 195 
13 177 200 
13 177 201 
13 177 221 
13 196 200 
13 196 201 
13 200 248 
13 201 248 
14 22 57 
14 22 171 
14 40 48 
14 48 158 
14 55 56 
14 55 57 
14 55 61 
14 55 63 
14 55 65 
14 55 171 
14 56 57 
14 56 63 
14 56 65 
14 57 59 
14 57 64 
14 59 65 
14 60 61 
14 60 64 
14 60 158 
14 61 63 
14 61 64 
14 61 65 
14 61 158 
14 63 64 
14 63 65 
14 64 65 
14 64 158 
14 64 171 
14 64 219 
15 47 49 
15 47 112 
15 47 113 
15 57 66 
15 60 61 
15 60 66 
15 60 112 
15 60 113 
15 60 172 
15 61 113 
15 66 112 
15 66 172 
15 112 113 
15 113 172 
15 113 197 
16 51 167 
16 77 167 
17 78 166 
18 20 72 
18 20 112 
18 20 165 
18 38 72 
18 38 76 
18 38 165 
18 39 72 
18 39 76 
18 51 165 
18 51 167 
18 165 167 
19 38 44 
19 38 71 
19 59 107 
19 59 173 
19 71 73 
19 73 112 
19 73 113 
19 73 164 
19 107 164 
19 107 180 
19 107 217 
19 107 219 
19 112 113 
19 112 176 
19 112 180 
19 164 175 
19 164 180 
19 173 180 
20 58 107 
20 58 173 
20 59 107 
20 59 173 
20 59 174 
20 72 74 
20 72 180 
20 74 112 
20 74 165 
20 74 180 
20 74 220 
20 107 165 
20 107 177 
20 107 180 
20 107 218 
20 107 220 
20 112 113 
20 112 180 
20 113 177 
20 165 175 
20 165 180 
20 173 180 
20 174 180 
22 57 149 
22 57 150 
22 58 149 
22 58 150 
22 58 196 
22 58 207 
22 79 149 
22 81 196 
22 149 150 
23 80 82 
23 80 150 
23 82 184 
23 82 209 
24 202 218 
25 203 217 
26 52 53 
26 52 54 
26 52 55 
26 52 56 
26 52 65 
26 52 78 
26 52 107 
26 52 149 
26 52 150 
26 52 156 
26 52 157 
26 53 54 
26 53 55 
26 53 57 
26 53 77 
26 53 149 
26 53 150 
26 53 156 
26 53 157 
26 54 55 
26 54 56 
26 54 57 
26 54 64 
26 54 65 
26 54 107 
26 54 149 
26 54 150 
26 54 156 
26 54 157 
26 54 230 
26 55 56 
26 55 57 
26 55 65 
26 55 149 
26 55 150 
26 55 156 
26 55 157 
26 56 57 
26 56 65 
26 56 149 
26 56 150 
26 57 64 
26 57 149 
26 57 150 
26 57 156 
26 64 65 
26 64 156 
26 64 180 
26 65 149 
26 65 150 
26 77 78 
26 77 165 
26 78 164 
26 78 180 
26 107 149 
26 107 150 
26 107 164 
26 107 165 
26 107 180 
26 149 150 
26 149 157 
26 150 156 
26 150 157 
26 157 165 
26 164 165 
26 164 180 
26 164 230 
26 165 180 
26 180 230 
27 52 53 
27 52 54 
27 52 55 
27 52 56 
27 52 58 
27 52 85 
27 52 149 
27 52 150 
27 53 54 
27 53 55 
27 53 57 
27 53 59 
27 53 85 
27 53 149 
27 53 150 
27 54 55 
27 54 56 
27 54 57 
27 54 59 
27 54 69 
27 54 149 
27 54 150 
27 55 56 
27 55 57 
27 55 58 
27 55 69 
27 55 149 
27 55 150 
27 56 57 
27 56 58 
27 56 85 
27 56 149 
27 56 150 
27 57 59 
27 57 85 
27 57 149 
27 57 150 
27 58 85 
27 58 149 
27 58 150 
27 59 69 
27 59 85 
27 59 149 
27 59 150 
27 69 149 
27 69 150 
27 85 265 
27 94 265 
27 149 150 
28 52 53 
28 52 54 
28 52 55 
28 52 56 
28 52 91 
28 53 54 
28 53 55 
28 53 57 
28 53 91 
28 54 55 
28 54 56 
28 54 57 
28 55 56 
28 55 57 
28 56 57 
28 91 266 
28 100 266 
28 100 277 
29 52 53 
29 52 56 
29 52 87 
29 52 92 
29 52 93 
29 52 239 
29 53 57 
29 53 87 
29 53 92 
29 53 93 
29 53 239 
29 56 57 
29 56 87 
29 56 92 
29 56 93 
29 57 87 
29 57 92 
29 57 93 
29 92 93 
29 92 239 
29 92 267 
29 93 239 
29 93 267 
29 100 239 
29 100 266 
29 100 267 
30 52 53 
30 52 58 
30 52 86 
30 52 149 
30 52 150 
30 53 59 
30 53 86 
30 53 149 
30 53 150 
30 58 86 
30 58 149 
30 58 150 
30 58 270 
30 59 86 
30 59 149 
30 59 150 
30 59 270 
30 86 149 
30 86 150 
30 86 270 
30 94 270 
30 149 150 
31 52 53 
31 52 54 
31 52 55 
31 52 58 
31 52 87 
31 53 54 
31 53 55 
31 53 59 
31 53 87 
31 54 55 
31 54 59 
31 54 271 
31 55 58 
31 55 271 
31 58 87 
31 58 270 
31 58 271 
31 59 87 
31 59 270 
31 59 271 
31 87 271 
31 95 270 
31 95 271 
32 52 53 
32 52 54 
32 52 55 
32 52 56 
32 52 96 
32 53 54 
32 53 55 
32 53 57 
32 53 96 
32 54 55 
32 54 56 
32 54 57 
32 54 271 
32 55 56 
32 55 57 
32 55 271 
32 56 57 
32 96 271 
32 96 272 
33 52 53 
33 52 54 
33 52 55 
33 52 56 
33 52 88 
33 53 54 
33 53 55 
33 53 57 
33 53 88 
33 54 55 
33 54 56 
33 54 57 
33 54 113 
33 55 56 
33 55 57 
33 55 112 
33 56 57 
33 56 88 
33 56 97 
33 56 112 
33 56 113 
33 57 88 
33 57 97 
33 88 272 
33 88 273 
33 97 272 
33 97 273 
33 112 113 
34 52 53 
34 52 54 
34 52 55 
34 52 89 
34 53 54 
34 53 55 
34 53 89 
34 54 55 
34 54 89 
34 55 89 
34 89 274 
34 97 273 
34 97 274 
35 98 274 
35 98 275 
36 90 276 
36 98 275 
36 98 276 
37 99 276 
37 99 277 
38 44 75 
38 44 76 
38 45 75 
38 45 76 
38 75 76 
39 44 75 
39 44 76 
39 75 76 
42 48 112 
42 52 54 
42 52 56 
42 52 176 
42 54 56 
42 54 57 
42 54 113 
42 54 176 
42 56 57 
42 56 112 
42 56 113 
42 112 113 
42 112 176 
42 112 180 
42 164 180 
43 53 55 
43 53 57 
43 53 59 
43 53 157 
43 53 197 
43 55 56 
43 55 57 
43 55 112 
43 55 157 
43 55 172 
43 55 197 
43 56 57 
43 56 112 
43 56 113 
43 56 197 
43 57 59 
43 59 197 
43 112 113 
43 113 172 
43 113 197 
43 157 165 
43 157 172 
44 75 76 
45 75 76 
46 48 158 
47 49 159 
47 112 113 
47 113 159 
48 112 158 
48 158 196 
50 52 58 
50 52 78 
50 52 107 
50 52 166 
50 57 166 
50 58 78 
50 58 107 
50 58 166 
50 58 230 
50 78 164 
50 78 166 
50 78 180 
50 107 164 
50 107 180 
50 120 166 
50 164 166 
50 164 180 
50 164 230 
50 180 230 
51 53 59 
51 53 167 
51 59 107 
51 59 231 
51 107 165 
51 165 167 
51 165 175 
51 165 231 
51 167 175 
52 53 54 
52 53 55 
52 53 62 
52 53 85 
52 53 86 
52 53 87 
52 53 88 
52 53 89 
52 53 90 
52 53 91 
52 53 92 
52 53 93 
52 53 96 
52 53 98 
52 53 109 
52 53 110 
52 53 111 
52 53 126 
52 53 127 
52 53 140 
52 53 141 
52 53 148 
52 53 149 
52 53 150 
52 53 156 
52 53 157 
52 53 168 
52 53 169 
52 53 204 
52 53 207 
52 53 237 
52 53 238 
52 53 239 
52 53 240 
52 53 241 
52 53 242 
52 53 243 
52 53 244 
52 53 269 
52 54 55 
52 54 56 
52 54 62 
52 54 65 
52 54 89 
52 54 107 
52 54 109 
52 54 110 
52 54 111 
52 54 149 
52 54 150 
52 54 156 
52 54 157 
52 54 176 
52 54 177 
52 54 208 
52 54 237 
52 54 242 
52 55 56 
52 55 58 
52 55 65 
52 55 89 
52 55 110 
52 55 111 
52 55 149 
52 55 150 
52 55 156 
52 55 157 
52 55 166 
52 55 176 
52 55 177 
52 55 196 
52 55 208 
52 55 237 
52 55 242 
52 56 58 
52 56 62 
52 56 65 
52 56 85 
52 56 86 
52 56 87 
52 56 88 
52 56 89 
52 56 92 
52 56 93 
52 56 109 
52 56 110 
52 56 111 
52 56 126 
52 56 127 
52 56 140 
52 56 141 
52 56 145 
52 56 148 
52 56 149 
52 56 150 
52 56 162 
52 56 204 
52 56 238 
52 56 240 
52 56 241 
52 56 243 
52 56 244 
52 58 78 
52 58 85 
52 58 86 
52 58 87 
52 58 88 
52 58 96 
52 58 107 
52 58 111 
52 58 149 
52 58 150 
52 58 157 
52 58 166 
52 58 196 
52 58 204 
52 58 207 
52 58 235 
52 58 240 
52 58 241 
52 58 242 
52 58 244 
52 62 92 
52 62 148 
52 62 149 
52 62 150 
52 62 156 
52 62 157 
52 62 238 
52 65 80 
52 65 126 
52 65 149 
52 65 150 
52 65 177 
52 65 206 
52 78 166 
52 80 149 
52 80 150 
52 80 208 
52 86 149 
52 86 150 
52 87 88 
52 88 89 
52 89 90 
52 90 91 
52 91 92 
52 92 93 
52 92 239 
52 93 239 
52 96 107 
52 96 149 
52 96 150 
52 98 107 
52 98 149 
52 98 150 
52 107 110 
52 107 111 
52 107 136 
52 107 142 
52 107 145 
52 107 149 
52 107 150 
52 107 151 
52 107 177 
52 107 202 
52 107 208 
52 107 218 
52 107 239 
52 109 156 
52 109 157 
52 109 166 
52 110 111 
52 110 150 
52 110 207 
52 111 149 
52 126 140 
52 126 142 
52 126 148 
52 126 150 
52 126 162 
52 126 239 
52 127 148 
52 127 149 
52 127 150 
52 127 162 
52 136 149 
52 140 141 
52 140 149 
52 140 239 
52 141 149 
52 141 150 
52 141 239 
52 142 149 
52 142 239 
52 145 150 
52 149 150 
52 149 157 
52 149 162 
52 149 239 
52 150 151 
52 150 156 
52 150 157 
52 150 239 
52 157 177 
52 162 239 
52 166 176 
52 168 176 
52 168 177 
52 169 207 
52 169 218 
52 176 200 
52 176 202 
52 177 200 
52 177 202 
52 196 200 
52 202 218 
52 204 240 
52 237 238 
52 238 239 
52 239 269 
52 240 241 
52 241 242 
52 242 243 
52 243 244 
53 54 55 
53 54 57 
53 54 59 
53 54 62 
53 54 66 
53 54 89 
53 54 109 
53 54 110 
53 54 111 
53 54 149 
53 54 150 
53 54 156 
53 54 157 
53 54 237 
53 54 242 
53 55 57 
53 55 66 
53 55 89 
53 55 110 
53 55 111 
53 55 149 
53 55 150 
53 55 154 
53 55 155 
53 55 156 
53 55 157 
53 55 197 
53 55 237 
53 55 242 
53 57 59 
53 57 62 
53 57 66 
53 57 85 
53 57 86 
53 57 87 
53 57 88 
53 57 89 
53 57 92 
53 57 93 
53 57 109 
53 57 110 
53 57 111 
53 57 126 
53 57 127 
53 57 141 
53 57 148 
53 57 149 
53 57 150 
53 57 154 
53 57 155 
53 57 156 
53 57 163 
53 57 204 
53 57 238 
53 57 240 
53 57 241 
53 57 243 
53 57 244 
53 59 62 
53 59 77 
53 59 85 
53 59 86 
53 59 87 
53 59 88 
53 59 96 
53 59 111 
53 59 149 
53 59 150 
53 59 154 
53 59 155 
53 59 156 
53 59 173 
53 59 197 
53 59 204 
53 59 240 
53 59 241 
53 59 242 
53 59 244 
53 62 66 
53 62 92 
53 62 148 
53 62 149 
53 62 150 
53 62 154 
53 62 155 
53 62 156 
53 62 157 
53 62 238 
53 66 79 
53 66 127 
53 66 149 
53 66 150 
53 66 154 
53 66 155 
53 66 205 
53 77 167 
53 77 173 
53 79 149 
53 79 154 
53 79 155 
53 86 149 
53 86 150 
53 87 88 
53 88 89 
53 89 90 
53 90 91 
53 91 92 
53 92 93 
53 92 239 
53 93 239 
53 96 149 
53 96 150 
53 98 149 
53 98 150 
53 109 156 
53 109 157 
53 109 173 
53 110 111 
53 110 150 
53 110 207 
53 111 149 
53 126 140 
53 126 148 
53 126 150 
53 126 154 
53 126 239 
53 127 148 
53 127 149 
53 127 150 
53 137 150 
53 140 141 
53 140 149 
53 140 239 
53 141 149 
53 141 150 
53 141 239 
53 148 154 
53 148 155 
53 149 150 
53 149 152 
53 149 157 
53 149 239 
53 150 154 
53 150 155 
53 150 156 
53 150 157 
53 150 163 
53 150 239 
53 154 155 
53 155 163 
53 156 173 
53 163 239 
53 168 217 
53 169 207 
53 203 217 
53 204 240 
53 237 238 
53 238 239 
53 239 269 
53 240 241 
53 241 242 
53 242 243 
53 243 244 
54 55 56 
54 55 57 
54 55 61 
54 55 65 
54 55 66 
54 55 69 
54 55 70 
54 55 89 
54 55 110 
54 55 111 
54 55 149 
54 55 150 
54 55 156 
54 55 157 
54 55 160 
54 55 171 
54 55 172 
54 55 176 
54 55 177 
54 55 208 
54 55 231 
54 55 237 
54 55 242 
54 55 245 
54 55 271 
54 56 57 
54 56 62 
54 56 65 
54 56 89 
54 56 109 
54 56 110 
54 56 111 
54 56 113 
54 56 149 
54 56 150 
54 57 59 
54 57 62 
54 57 64 
54 57 66 
54 57 89 
54 57 109 
54 57 110 
54 57 111 
54 57 149 
54 57 150 
54 57 156 
54 59 62 
54 59 65 
54 59 67 
54 59 69 
54 59 107 
54 59 111 
54 59 149 
54 59 150 
54 59 156 
54 59 231 
54 59 242 
54 59 271 
54 60 61 
54 60 62 
54 60 64 
54 60 66 
54 60 69 
54 60 113 
54 60 172 
54 61 62 
54 61 64 
54 61 65 
54 61 69 
54 61 113 
54 62 66 
54 62 149 
54 62 150 
54 62 156 
54 62 157 
54 64 65 
54 64 66 
54 64 156 
54 64 171 
54 65 66 
54 65 113 
54 65 149 
54 65 150 
54 65 160 
54 65 172 
54 65 177 
54 66 70 
54 66 149 
54 66 150 
54 66 160 
54 66 171 
54 66 172 
54 66 230 
54 67 70 
54 67 107 
54 67 109 
54 67 176 
54 67 177 
54 69 149 
54 69 150 
54 69 156 
54 69 157 
54 70 149 
54 70 150 
54 70 160 
54 73 113 
54 89 113 
54 107 110 
54 107 111 
54 107 149 
54 107 150 
54 107 160 
54 107 177 
54 107 208 
54 109 156 
54 109 157 
54 110 111 
54 110 150 
54 111 149 
54 113 172 
54 113 177 
54 149 150 
54 149 157 
54 149 160 
54 149 172 
54 150 156 
54 150 157 
54 150 160 
54 150 172 
54 156 171 
54 157 172 
54 157 177 
54 171 176 
54 171 177 
54 172 177 
54 228 230 
55 56 57 
55 56 58 
55 56 63 
55 56 65 
55 56 89 
55 56 110 
55 56 111 
55 56 112 
55 56 149 
55 56 150 
55 56 197 
55 57 66 
55 57 89 
55 57 110 
55 57 111 
55 57 149 
55 57 150 
55 57 154 
55 57 155 
55 57 156 
55 57 166 
55 58 66 
55 58 111 
55 58 149 
55 58 150 
55 58 157 
55 58 166 
55 58 196 
55 58 242 
55 58 271 
55 61 63 
55 61 65 
55 61 69 
55 61 154 
55 61 155 
55 63 65 
55 63 66 
55 63 74 
55 63 157 
55 63 172 
55 63 177 
55 65 66 
55 65 112 
55 65 149 
55 65 150 
55 65 154 
55 65 155 
55 65 160 
55 65 172 
55 65 177 
55 65 197 
55 66 70 
55 66 112 
55 66 149 
55 66 150 
55 66 154 
55 66 155 
55 66 160 
55 66 171 
55 66 172 
55 69 149 
55 69 150 
55 69 154 
55 69 155 
55 69 156 
55 69 157 
55 70 149 
55 70 150 
55 70 160 
55 74 112 
55 89 112 
55 110 111 
55 110 150 
55 111 149 
55 112 171 
55 112 176 
55 149 150 
55 149 157 
55 149 160 
55 149 172 
55 150 154 
55 150 155 
55 150 156 
55 150 157 
55 150 160 
55 150 172 
55 154 155 
55 154 172 
55 154 271 
55 155 172 
55 155 271 
55 156 171 
55 157 172 
55 157 177 
55 166 176 
55 166 234 
55 171 176 
55 171 177 
55 172 177 
55 197 229 
55 197 231 
55 229 231 
56 57 62 
56 57 85 
56 57 86 
56 57 87 
56 57 88 
56 57 89 
56 57 92 
56 57 93 
56 57 97 
56 57 109 
56 57 110 
56 57 111 
56 57 126 
56 57 127 
56 57 141 
56 57 148 
56 57 149 
56 57 150 
56 57 204 
56 57 238 
56 57 240 
56 57 241 
56 57 243 
56 57 244 
56 58 85 
56 58 86 
56 58 87 
56 58 88 
56 58 111 
56 58 149 
56 58 150 
56 58 204 
56 58 205 
56 58 240 
56 58 241 
56 58 244 
56 62 92 
56 62 148 
56 62 149 
56 62 150 
56 62 238 
56 63 65 
56 65 112 
56 65 113 
56 65 126 
56 65 149 
56 65 150 
56 65 197 
56 86 149 
56 86 150 
56 87 88 
56 88 89 
56 89 112 
56 89 113 
56 92 93 
56 97 149 
56 97 150 
56 110 111 
56 110 150 
56 111 149 
56 112 113 
56 112 204 
56 112 205 
56 112 244 
56 113 145 
56 113 197 
56 113 204 
56 113 205 
56 113 243 
56 113 244 
56 126 140 
56 126 148 
56 126 150 
56 126 162 
56 127 148 
56 127 149 
56 127 150 
56 127 162 
56 140 141 
56 140 149 
56 141 149 
56 141 150 
56 145 150 
56 149 150 
56 149 162 
56 204 240 
56 240 241 
56 243 244 
57 59 62 
57 59 85 
57 59 86 
57 59 87 
57 59 88 
57 59 111 
57 59 149 
57 59 150 
57 59 154 
57 59 155 
57 59 156 
57 59 166 
57 59 204 
57 59 206 
57 59 240 
57 59 241 
57 59 244 
57 62 66 
57 62 92 
57 62 138 
57 62 148 
57 62 149 
57 62 150 
57 62 154 
57 62 155 
57 62 156 
57 62 238 
57 64 66 
57 64 138 
57 64 156 
57 66 127 
57 66 149 
57 66 150 
57 66 154 
57 66 155 
57 86 149 
57 86 150 
57 87 88 
57 88 89 
57 92 93 
57 92 138 
57 97 149 
57 97 150 
57 109 156 
57 109 166 
57 110 111 
57 110 150 
57 111 149 
57 126 148 
57 126 150 
57 126 154 
57 127 148 
57 127 149 
57 127 150 
57 138 141 
57 141 149 
57 141 150 
57 148 154 
57 148 155 
57 149 150 
57 150 154 
57 150 155 
57 150 156 
57 150 163 
57 154 155 
57 155 163 
57 204 240 
57 240 241 
57 243 244 
58 66 149 
58 66 150 
58 66 205 
58 66 230 
58 67 107 
58 67 108 
58 67 173 
58 67 181 
58 77 78 
58 77 167 
58 77 173 
58 78 166 
58 78 173 
58 82 117 
58 82 129 
58 82 167 
58 82 181 
58 82 233 
58 84 129 
58 84 181 
58 85 270 
58 86 149 
58 86 150 
58 86 270 
58 86 271 
58 87 88 
58 87 271 
58 96 107 
58 96 149 
58 96 150 
58 96 271 
58 107 111 
58 107 149 
58 107 150 
58 108 157 
58 108 173 
58 111 149 
58 122 230 
58 129 167 
58 129 181 
58 149 150 
58 149 157 
58 149 181 
58 150 157 
58 166 173 
58 166 181 
58 167 181 
58 167 233 
58 167 235 
58 173 230 
58 181 207 
58 181 235 
58 196 230 
58 204 240 
58 236 240 
58 240 241 
58 240 270 
58 241 242 
58 241 270 
58 241 271 
59 62 108 
59 62 149 
59 62 150 
59 62 154 
59 62 155 
59 62 156 
59 65 149 
59 65 150 
59 65 154 
59 65 155 
59 65 181 
59 65 197 
59 65 206 
59 67 107 
59 67 108 
59 67 173 
59 67 174 
59 67 181 
59 69 86 
59 69 108 
59 69 149 
59 69 150 
59 69 154 
59 69 155 
59 69 156 
59 69 181 
59 69 204 
59 69 206 
59 77 173 
59 77 174 
59 81 116 
59 81 128 
59 81 166 
59 81 181 
59 81 232 
59 83 128 
59 83 181 
59 85 270 
59 86 149 
59 86 150 
59 86 270 
59 86 271 
59 87 88 
59 87 271 
59 96 107 
59 96 149 
59 96 150 
59 96 271 
59 107 111 
59 107 149 
59 107 150 
59 108 173 
59 108 174 
59 111 149 
59 128 166 
59 128 232 
59 129 181 
59 149 150 
59 149 181 
59 150 154 
59 150 155 
59 150 156 
59 154 155 
59 154 271 
59 155 271 
59 156 173 
59 166 173 
59 166 181 
59 166 232 
59 166 234 
59 174 231 
59 181 234 
59 197 231 
59 204 240 
59 236 240 
59 240 241 
59 240 270 
59 241 242 
59 241 270 
59 241 271 
60 61 62 
60 61 64 
60 61 69 
60 61 113 
60 61 158 
60 61 262 
60 61 263 
60 61 267 
60 62 66 
60 62 138 
60 62 158 
60 64 66 
60 64 138 
60 64 158 
60 66 112 
60 66 158 
60 66 172 
60 69 158 
60 112 113 
60 112 158 
60 112 263 
60 113 172 
60 113 263 
60 138 158 
60 262 263 
61 62 154 
61 62 155 
61 62 158 
61 62 159 
61 63 64 
61 63 65 
61 63 159 
61 64 65 
61 64 158 
61 65 113 
61 65 154 
61 65 155 
61 65 159 
61 69 154 
61 69 155 
61 69 158 
61 69 159 
61 113 155 
61 113 159 
61 113 263 
61 154 155 
61 262 263 
62 66 149 
62 66 150 
62 66 154 
62 66 155 
62 66 158 
62 92 108 
62 92 138 
62 108 157 
62 108 158 
62 108 159 
62 138 139 
62 138 158 
62 139 158 
62 148 154 
62 148 155 
62 149 150 
62 149 157 
62 150 154 
62 150 155 
62 150 156 
62 150 157 
62 154 155 
62 156 159 
62 157 158 
63 64 65 
63 64 66 
63 64 138 
63 64 180 
63 64 265 
63 65 66 
63 65 80 
63 65 159 
63 65 172 
63 65 177 
63 66 79 
63 66 172 
63 74 180 
63 74 220 
63 157 172 
63 157 177 
63 159 172 
63 159 265 
63 172 177 
64 65 66 
64 66 158 
64 66 171 
64 138 139 
64 138 158 
64 139 158 
64 156 171 
64 156 173 
64 158 265 
64 173 180 
65 66 112 
65 66 149 
65 66 150 
65 66 154 
65 66 155 
65 66 160 
65 66 172 
65 80 113 
65 80 149 
65 80 150 
65 80 154 
65 80 155 
65 112 113 
65 113 155 
65 113 159 
65 113 172 
65 113 177 
65 113 197 
65 126 150 
65 126 154 
65 149 150 
65 149 160 
65 149 172 
65 149 181 
65 150 154 
65 150 155 
65 150 160 
65 150 163 
65 150 172 
65 154 155 
65 154 172 
65 155 163 
65 155 172 
65 159 172 
65 172 177 
65 177 181 
66 70 79 
66 70 149 
66 70 150 
66 70 160 
66 79 112 
66 79 149 
66 79 154 
66 79 155 
66 112 158 
66 112 171 
66 112 205 
66 127 149 
66 127 150 
66 127 160 
66 127 162 
66 149 150 
66 149 160 
66 149 162 
66 149 172 
66 150 154 
66 150 155 
66 150 160 
66 150 172 
66 154 155 
66 154 162 
66 154 172 
66 155 172 
67 70 153 
67 107 136 
67 107 137 
67 107 153 
67 107 177 
67 107 201 
67 108 109 
67 108 159 
67 108 173 
67 108 174 
67 108 194 
67 108 195 
67 109 159 
67 109 173 
67 109 174 
67 109 194 
67 109 195 
67 136 137 
67 136 153 
67 137 153 
67 173 194 
67 176 181 
67 176 187 
67 176 195 
67 176 201 
67 177 181 
67 177 187 
67 177 195 
67 177 201 
67 181 187 
67 187 194 
67 187 195 
67 194 201 
68 107 136 
68 107 137 
68 107 153 
68 107 160 
68 107 177 
68 107 218 
68 108 109 
68 108 158 
68 108 174 
68 108 194 
68 108 195 
68 108 218 
68 109 156 
68 109 158 
68 109 174 
68 109 194 
68 109 195 
68 136 137 
68 136 153 
68 136 160 
68 137 153 
68 137 160 
68 153 160 
68 176 181 
68 176 195 
68 176 200 
68 176 222 
68 177 181 
68 177 195 
68 177 200 
68 177 221 
68 177 222 
68 181 221 
68 181 222 
68 181 223 
68 221 223 
69 86 101 
69 86 149 
69 86 150 
69 101 154 
69 101 155 
69 101 158 
69 101 159 
69 101 261 
69 106 108 
69 106 268 
69 108 157 
69 108 158 
69 108 159 
69 149 150 
69 149 157 
69 149 181 
69 150 154 
69 150 155 
69 150 156 
69 150 157 
69 150 163 
69 154 155 
69 154 261 
69 154 268 
69 155 163 
69 155 261 
69 155 268 
69 156 159 
69 157 158 
69 158 264 
69 159 261 
69 264 268 
70 79 149 
70 80 149 
70 80 150 
70 149 150 
70 149 153 
70 149 160 
70 149 170 
70 149 215 
70 150 160 
70 150 170 
70 153 160 
72 74 180 
73 112 113 
74 112 180 
74 165 180 
77 78 173 
77 78 174 
77 165 167 
77 167 174 
78 124 164 
78 124 175 
78 164 166 
78 164 175 
78 164 180 
78 166 173 
78 166 175 
78 173 180 
78 174 180 
79 154 155 
80 82 225 
80 113 155 
80 149 150 
80 150 154 
80 150 155 
80 154 155 
81 114 116 
81 114 178 
81 114 188 
81 114 224 
81 116 188 
81 116 228 
81 128 166 
81 128 188 
81 128 232 
81 130 169 
81 130 175 
81 130 178 
81 166 175 
81 166 181 
81 166 232 
81 168 217 
81 169 228 
81 175 178 
81 178 224 
81 188 196 
81 188 232 
81 196 199 
82 115 117 
82 115 121 
82 115 129 
82 115 189 
82 117 184 
82 117 189 
82 117 229 
82 121 169 
82 121 175 
82 121 225 
82 129 167 
82 129 181 
82 129 189 
82 131 168 
82 131 169 
82 131 175 
82 131 184 
82 167 175 
82 167 181 
82 167 233 
82 169 218 
82 169 229 
82 181 184 
82 184 189 
82 184 233 
82 189 197 
82 189 225 
82 189 233 
82 197 229 
82 209 229 
82 225 233 
83 118 128 
83 118 132 
83 118 178 
83 118 184 
83 128 184 
83 132 168 
83 132 175 
83 132 178 
83 175 178 
83 178 226 
83 181 184 
84 119 125 
84 119 129 
84 119 133 
84 119 179 
84 119 185 
84 125 133 
84 125 165 
84 125 175 
84 125 179 
84 125 227 
84 129 181 
84 129 185 
84 133 169 
84 133 175 
84 133 179 
84 165 175 
84 165 182 
84 165 185 
84 175 179 
84 179 227 
84 182 212 
85 101 265 
85 101 270 
86 101 265 
86 101 270 
86 149 150 
87 88 272 
87 102 271 
87 102 272 
88 89 274 
88 103 273 
88 103 274 
89 90 104 
89 90 113 
89 104 275 
89 112 113 
90 104 276 
91 92 106 
91 92 267 
91 105 266 
91 106 267 
92 93 106 
92 93 239 
92 93 267 
92 93 268 
92 106 108 
92 106 239 
92 106 267 
92 106 268 
92 239 268 
93 106 134 
93 106 239 
93 106 267 
93 106 268 
93 143 239 
93 239 268 
94 101 265 
94 101 270 
95 101 270 
95 102 271 
95 102 272 
95 107 149 
95 107 150 
95 107 160 
95 149 150 
95 149 160 
95 150 160 
96 102 271 
96 102 272 
96 103 273 
96 103 274 
96 107 149 
96 107 150 
96 107 160 
96 149 150 
96 149 160 
96 150 160 
97 103 273 
97 103 274 
97 104 275 
97 107 149 
97 107 150 
97 149 150 
98 104 275 
98 104 276 
98 107 149 
98 107 150 
98 149 150 
99 105 277 
100 106 239 
100 106 267 
100 107 149 
100 107 150 
100 107 239 
100 149 150 
100 149 239 
100 150 239 
101 154 155 
101 154 261 
101 155 261 
101 158 265 
101 159 261 
101 159 265 
101 236 240 
101 236 248 
101 236 265 
101 240 241 
101 240 248 
101 240 251 
101 240 265 
101 240 270 
101 241 248 
101 241 270 
101 248 265 
101 248 270 
101 251 270 
101 259 261 
101 259 265 
101 261 265 
101 261 270 
102 154 155 
102 154 260 
102 154 261 
102 154 271 
102 154 272 
102 155 260 
102 155 261 
102 155 271 
102 155 272 
102 241 242 
102 241 271 
102 242 272 
102 251 260 
102 251 271 
102 260 261 
102 260 272 
102 261 271 
102 261 272 
103 243 244 
103 243 273 
103 261 273 
103 261 274 
104 245 246 
104 245 275 
104 261 262 
104 261 275 
104 264 275 
104 264 276 
105 237 247 
105 247 277 
105 264 266 
105 264 277 
106 108 134 
106 238 239 
106 238 267 
106 239 250 
106 239 268 
107 110 111 
107 110 150 
107 111 149 
107 111 248 
107 136 137 
107 136 149 
107 136 153 
107 136 160 
107 137 145 
107 137 150 
107 137 153 
107 137 160 
107 138 139 
107 142 143 
107 142 149 
107 142 239 
107 143 150 
107 143 239 
107 145 150 
107 149 150 
107 149 152 
107 149 153 
107 149 160 
107 149 239 
107 149 250 
107 150 151 
107 150 160 
107 150 239 
107 150 250 
107 151 152 
107 153 160 
107 164 165 
107 164 180 
107 165 180 
107 165 201 
107 177 201 
107 177 202 
107 177 203 
107 201 220 
107 201 248 
107 202 218 
107 203 217 
107 239 250 
108 109 157 
108 109 158 
108 109 159 
108 109 173 
108 109 174 
108 109 194 
108 109 195 
108 109 262 
108 109 263 
108 157 158 
108 157 174 
108 173 194 
108 175 193 
108 262 263 
109 156 159 
109 156 173 
109 157 158 
109 157 174 
109 166 173 
109 173 194 
109 262 263 
112 113 204 
112 113 205 
112 113 244 
112 113 260 
112 113 263 
112 171 176 
113 155 172 
113 155 260 
113 155 261 
113 159 172 
113 159 261 
113 172 177 
113 243 244 
113 259 260 
113 259 261 
113 260 261 
113 261 263 
113 263 264 
114 116 188 
114 120 178 
114 120 224 
114 160 178 
114 178 224 
115 117 189 
115 121 179 
115 129 189 
115 160 179 
116 118 184 
116 122 186 
116 122 187 
116 122 192 
116 184 187 
116 184 188 
116 184 189 
116 186 187 
117 119 185 
117 123 186 
117 123 191 
117 123 227 
117 123 229 
117 165 184 
117 165 185 
117 165 186 
117 165 187 
117 165 188 
117 165 189 
117 165 231 
117 184 187 
117 184 188 
117 184 189 
117 185 186 
117 185 188 
117 186 187 
117 186 229 
117 187 229 
117 187 231 
117 188 227 
117 229 231 
118 124 132 
118 124 178 
118 128 184 
118 132 178 
118 160 178 
118 184 234 
119 125 133 
119 125 179 
119 129 185 
119 133 179 
119 160 179 
119 185 235 
120 130 178 
120 178 224 
120 191 224 
121 175 179 
121 175 192 
121 179 225 
121 190 225 
121 192 225 
122 130 175 
122 132 168 
122 132 175 
122 168 230 
122 175 192 
122 175 193 
122 186 187 
123 129 186 
123 131 175 
123 133 175 
123 175 193 
123 186 229 
123 193 227 
124 132 175 
124 132 178 
124 164 175 
124 175 178 
124 175 192 
124 175 193 
124 178 226 
124 191 226 
124 192 226 
124 193 226 
125 133 175 
125 133 179 
125 133 192 
125 133 231 
125 165 175 
125 165 231 
125 175 179 
125 175 192 
125 175 193 
125 179 227 
125 179 231 
125 192 227 
125 193 227 
126 140 239 
126 142 239 
126 148 154 
126 150 154 
126 150 239 
126 154 162 
126 162 239 
127 143 150 
127 149 150 
127 149 160 
127 149 162 
127 150 160 
128 166 223 
128 166 232 
128 184 188 
128 184 223 
128 185 186 
128 185 188 
128 185 232 
128 188 232 
128 221 223 
128 221 232 
128 222 232 
129 167 181 
129 167 221 
129 181 186 
129 181 187 
129 181 221 
129 181 222 
129 181 223 
129 185 186 
129 186 187 
129 202 222 
129 221 223 
130 175 178 
131 175 179 
132 175 178 
133 169 231 
133 175 179 
133 175 192 
133 179 231 
136 137 153 
136 137 160 
136 137 247 
136 149 153 
136 149 160 
136 153 160 
137 145 150 
137 150 160 
137 153 160 
138 139 140 
138 139 141 
138 139 158 
138 140 141 
139 140 141 
140 141 149 
140 141 239 
140 149 239 
141 149 150 
141 149 239 
141 150 239 
142 143 239 
142 149 239 
143 150 239 
146 200 219 
147 201 220 
148 154 155 
149 150 157 
149 150 160 
149 150 170 
149 150 172 
149 150 239 
149 150 250 
149 150 252 
149 150 253 
149 150 254 
149 150 255 
149 150 256 
149 150 257 
149 153 160 
149 157 172 
149 162 239 
149 239 250 
150 154 155 
150 154 172 
150 155 163 
150 155 172 
150 157 172 
150 163 239 
150 239 250 
154 155 161 
154 155 172 
154 155 260 
154 155 261 
154 155 268 
154 155 271 
154 155 272 
154 161 162 
154 161 261 
154 260 261 
154 260 272 
154 261 271 
154 261 272 
155 161 163 
155 161 261 
155 260 261 
155 260 272 
155 261 271 
155 261 272 
157 172 177 
159 261 265 
161 162 163 
162 163 239 
164 165 175 
164 165 180 
164 165 182 
164 165 183 
164 165 184 
164 165 185 
164 165 186 
164 165 187 
164 165 188 
164 165 189 
164 165 209 
164 165 221 
164 165 222 
164 165 223 
164 166 175 
164 166 223 
164 166 234 
164 175 234 
164 180 230 
164 182 186 
164 182 188 
164 182 222 
164 183 184 
164 183 187 
164 183 189 
164 183 221 
164 183 223 
164 184 187 
164 184 188 
164 184 189 
164 184 223 
164 184 234 
164 185 186 
164 185 188 
164 186 187 
164 189 234 
164 221 223 
164 223 234 
165 167 175 
165 167 221 
165 167 235 
165 175 235 
165 180 231 
165 182 186 
165 182 188 
165 182 201 
165 182 222 
165 183 184 
165 183 187 
165 183 189 
165 183 211 
165 183 221 
165 183 223 
165 184 187 
165 184 188 
165 184 189 
165 184 223 
165 184 235 
165 185 186 
165 185 188 
165 185 235 
165 186 187 
165 187 231 
165 188 235 
165 221 223 
166 175 234 
166 176 181 
166 181 223 
166 181 234 
166 223 234 
167 175 235 
167 177 181 
167 177 221 
167 181 221 
167 181 235 
167 221 233 
168 176 195 
168 176 222 
168 177 195 
168 177 221 
168 177 222 
168 183 221 
168 183 223 
168 221 223 
169 218 228 
169 221 223 
169 229 231 
173 180 230 
174 180 231 
176 181 186 
176 181 187 
176 181 222 
176 186 187 
176 187 195 
176 195 202 
176 200 248 
176 201 248 
176 202 222 
177 181 186 
177 181 187 
177 181 221 
177 181 222 
177 186 187 
177 187 195 
177 195 202 
177 202 222 
177 203 221 
180 197 231 
181 184 187 
181 184 223 
181 184 234 
181 184 235 
181 186 187 
181 221 223 
181 223 234 
182 201 220 
183 184 187 
183 184 189 
183 184 223 
183 221 223 
184 188 235 
184 189 233 
184 189 234 
184 223 234 
185 188 232 
185 188 235 
186 187 194 
186 187 196 
186 187 197 
186 187 229 
186 194 197 
186 197 229 
187 194 197 
187 197 229 
187 197 231 
187 229 231 
189 225 233 
194 201 248 
196 200 219 
197 229 231 
204 240 248 
212 229 231 
236 240 248 
236 240 265 
236 248 265 
240 241 248 
240 241 270 
240 248 265 
240 248 270 
240 251 270 
241 248 270 
242 243 272 
259 260 261 
259 260 265 
259 261 265 
260 261 265 
260 261 272 
261 262 263 
